# 粒子の電荷リスト [C]
# 分布: bimodal (mean1=1e-09, std1=2e-10, mean2=-1e-09, std2=2e-10, ratio=0.5)
# 粒子数: 5000

1.222253e-09
-9.623266e-10
-1.073225e-09
1.340473e-09
-8.229393e-10
-7.868835e-10
8.995149e-10
1.106989e-09
-7.008198e-10
-6.940587e-10
-8.210177e-10
-1.223247e-09
-1.127682e-09
-1.278009e-09
7.634419e-10
-7.540569e-10
-9.197414e-10
-1.004993e-09
-1.354126e-09
1.082927e-09
5.729179e-10
-6.481132e-10
1.067033e-09
-1.150751e-09
-1.010283e-09
9.824846e-10
-9.801398e-10
1.179921e-09
1.503153e-09
9.375038e-10
1.269906e-09
1.320404e-09
-7.254468e-10
-1.250434e-09
-8.873044e-10
1.001746e-09
-1.109509e-09
-9.893142e-10
1.050857e-09
9.468521e-10
-9.280385e-10
-7.728428e-10
-1.055963e-09
-8.749901e-10
-7.909255e-10
1.003172e-09
-1.195714e-09
-9.448104e-10
-1.175094e-09
8.481910e-10
-1.067968e-09
9.288728e-10
1.406809e-09
-9.965285e-10
-1.009704e-09
9.586464e-10
8.982426e-10
-1.099113e-09
-9.800220e-10
9.365455e-10
-1.112247e-09
-1.074051e-09
1.040882e-09
-1.157689e-09
8.637815e-10
1.136410e-09
9.395733e-10
-1.212197e-09
-1.185397e-09
1.242343e-09
1.566937e-09
-5.211613e-10
1.287055e-09
9.245738e-10
1.020482e-09
-1.052362e-09
-1.213260e-09
-1.121104e-09
7.733906e-10
9.289719e-10
1.201133e-09
-1.100569e-09
-1.360669e-09
7.208530e-10
-9.094961e-10
9.214797e-10
1.226386e-09
8.839211e-10
9.186767e-10
8.550386e-10
7.322758e-10
1.027836e-09
-9.116800e-10
-9.156676e-10
-8.097555e-10
7.413711e-10
-7.637091e-10
7.150611e-10
8.538399e-10
1.213645e-09
-1.166800e-09
-1.087970e-09
1.009833e-09
1.020139e-09
1.270314e-09
-9.895417e-10
-8.867774e-10
-9.919405e-10
-8.901804e-10
1.107183e-09
1.132650e-09
-1.147207e-09
-1.335607e-09
-1.131289e-09
-8.711760e-10
1.125300e-09
-8.144367e-10
9.432657e-10
8.627560e-10
-8.338759e-10
1.070416e-09
-9.123385e-10
1.090996e-09
9.280670e-10
-8.477207e-10
9.314547e-10
-1.194913e-09
-1.186081e-09
9.977352e-10
-1.012963e-09
7.990592e-10
1.227676e-09
-7.980530e-10
8.269515e-10
-8.181957e-10
-1.189588e-09
8.983134e-10
-9.872811e-10
-7.846344e-10
1.145936e-09
-1.295184e-09
-9.874479e-10
1.132115e-09
-8.966016e-10
-1.396657e-09
-9.372572e-10
-1.407059e-09
9.527147e-10
-1.153085e-09
8.826103e-10
-1.089557e-09
-1.039142e-09
-9.553812e-10
1.055491e-09
1.031168e-09
1.132538e-09
-8.303948e-10
-8.034518e-10
8.269615e-10
7.677398e-10
1.188001e-09
1.503175e-09
1.282095e-09
8.257449e-10
-1.000195e-09
-1.021466e-09
-8.042084e-10
1.198831e-09
4.578577e-10
7.532206e-10
9.174179e-10
-1.092317e-09
-8.854396e-10
-1.016008e-09
8.283295e-10
9.967506e-10
7.678624e-10
1.313183e-09
-1.100942e-09
-8.158294e-10
7.159591e-10
8.090793e-10
-8.283307e-10
9.358578e-10
-8.952182e-10
-1.230349e-09
-1.005854e-09
-1.104119e-09
1.130382e-09
9.699529e-10
8.253388e-10
-8.426761e-10
-8.842157e-10
1.176921e-09
-1.015848e-09
9.209188e-10
-1.126277e-09
1.429959e-09
1.224226e-09
-1.147264e-09
-8.358941e-10
-1.195399e-09
1.004169e-09
1.385300e-09
-9.171445e-10
-1.249987e-09
1.107071e-09
-1.479734e-09
8.981165e-10
-6.617476e-10
-9.414834e-10
8.407082e-10
9.560642e-10
-7.969730e-10
-8.923328e-10
1.297656e-09
8.385423e-10
-1.063294e-09
-1.013235e-09
-1.444413e-09
9.724670e-10
-1.117121e-09
9.454282e-10
8.037343e-10
1.038169e-09
-1.243173e-09
-7.641464e-10
6.918614e-10
-1.200677e-09
-9.401011e-10
-8.724613e-10
-1.344505e-09
-7.797060e-10
-9.500535e-10
9.587700e-10
-1.195511e-09
-8.050469e-10
-9.921384e-10
1.054650e-09
-8.414386e-10
-8.082590e-10
-7.957038e-10
1.206130e-09
1.198680e-09
1.097183e-09
-1.167369e-09
-1.011344e-09
-1.138156e-09
-1.277733e-09
-1.043362e-09
-7.839369e-10
9.788249e-10
-7.499998e-10
1.016851e-09
-1.346329e-09
1.422923e-09
6.380812e-10
1.143455e-09
-9.654413e-10
1.240506e-09
7.504194e-10
-7.085294e-10
-1.146092e-09
9.510988e-10
-8.981865e-10
-9.451276e-10
1.101876e-09
-9.237719e-10
1.092421e-09
-9.963280e-10
-1.105172e-09
9.673310e-10
8.438175e-10
-1.069584e-09
-1.140712e-09
-9.333889e-10
-8.767807e-10
9.675946e-10
-9.998748e-10
-1.303503e-09
-1.199859e-09
1.041345e-09
-9.416051e-10
9.729866e-10
-1.233528e-09
8.223092e-10
-1.012723e-09
-1.040294e-09
-7.330529e-10
-6.680804e-10
-9.660955e-10
-7.178664e-10
1.112716e-09
7.113518e-10
-1.428682e-09
-1.015121e-09
-1.111697e-09
-8.996282e-10
-1.075362e-09
-1.178883e-09
-6.928157e-10
1.096963e-09
-9.833882e-10
-7.931411e-10
1.072826e-09
-1.077086e-09
-9.677559e-10
1.193458e-09
-8.332430e-10
8.786850e-10
-1.110399e-09
-7.488343e-10
8.742096e-10
-8.903775e-10
8.401045e-10
7.911372e-10
7.717138e-10
-1.074111e-09
9.846358e-10
-1.122317e-09
8.716856e-10
9.909598e-10
-1.011694e-09
8.189645e-10
-9.447827e-10
9.508717e-10
9.573907e-10
-1.060843e-09
-1.017226e-09
9.834769e-10
1.183654e-09
9.278793e-10
7.961359e-10
-1.166882e-09
1.064878e-09
-1.138665e-09
1.016780e-09
7.865585e-10
-9.132865e-10
-8.393156e-10
1.346097e-09
-9.514513e-10
-1.042409e-09
-1.389298e-09
-8.900660e-10
-9.732692e-10
9.853500e-10
-1.177346e-09
9.925367e-10
-1.291431e-09
-8.215488e-10
1.055236e-09
-1.021537e-09
-1.003853e-09
8.162840e-10
8.966279e-10
1.027207e-09
-7.681302e-10
7.396100e-10
-1.010643e-09
8.454720e-10
8.577727e-10
1.173185e-09
1.010721e-09
-1.010828e-09
1.141849e-09
-6.396279e-10
9.572162e-10
-7.805402e-10
9.589028e-10
1.088221e-09
-1.048634e-09
-7.757796e-10
-1.194828e-09
8.484724e-10
1.289380e-09
1.160824e-09
-1.158745e-09
-2.821255e-10
1.148275e-09
8.633711e-10
9.711607e-10
9.950480e-10
1.194143e-09
-9.420482e-10
-1.168991e-09
-7.107494e-10
1.031031e-09
9.386338e-10
-7.569004e-10
-9.546461e-10
-6.964504e-10
-8.921971e-10
-8.021064e-10
1.342623e-09
7.599073e-10
1.201281e-09
-1.060594e-09
8.316049e-10
-8.898282e-10
-7.919907e-10
-6.736515e-10
-8.627604e-10
-1.232307e-09
1.129662e-09
-4.940839e-10
7.048006e-10
-1.460955e-09
7.250531e-10
-8.996794e-10
-1.103747e-09
-9.036110e-10
-9.158592e-10
-8.557418e-10
9.661478e-10
-9.746503e-10
7.955096e-10
1.203529e-09
-8.943268e-10
1.197616e-09
-8.907575e-10
-1.326123e-09
-1.045328e-09
1.098180e-09
1.268297e-09
-1.654538e-09
8.127990e-10
9.598758e-10
-1.040493e-09
-1.033812e-09
-9.534570e-10
1.192028e-09
5.064629e-10
1.037913e-09
-7.871794e-10
8.374843e-10
-1.097962e-09
8.627464e-10
1.111145e-09
1.080168e-09
-1.029122e-09
-1.385328e-09
1.113128e-09
7.351177e-10
-1.158374e-09
1.483839e-09
8.899436e-10
-1.288351e-09
-1.182736e-09
-9.091497e-10
-1.274791e-09
1.041017e-09
-1.099772e-09
1.134630e-09
1.251648e-09
-7.900800e-10
-1.155226e-09
-1.458503e-09
-7.896500e-10
-9.116016e-10
-1.012347e-09
-1.085947e-09
-7.363211e-10
-1.230099e-09
8.297876e-10
-8.731483e-10
-1.067891e-09
1.462670e-09
1.182403e-09
-7.420579e-10
1.066987e-09
9.514085e-10
-9.954775e-10
1.243225e-09
-1.119648e-09
9.599406e-10
7.465985e-10
6.354053e-10
8.608604e-10
8.252186e-10
-9.333105e-10
-1.052920e-09
-1.029049e-09
1.214842e-09
1.248378e-09
1.012025e-09
1.135382e-09
-1.081137e-09
1.045737e-09
-1.280373e-09
1.222179e-09
1.039087e-09
7.351701e-10
8.716147e-10
-1.400663e-09
9.175226e-10
8.016539e-10
8.837963e-10
-5.210085e-10
-1.068310e-09
1.238699e-09
1.222606e-09
9.507064e-10
8.316909e-10
-9.432908e-10
1.114805e-09
7.111443e-10
-1.250845e-09
5.449919e-10
1.156013e-09
-1.401200e-09
-1.107113e-09
-1.045626e-09
1.014917e-09
-1.206276e-09
1.047218e-09
1.169212e-09
-8.419407e-10
-1.010850e-09
7.691963e-10
9.242764e-10
1.416957e-09
1.234857e-09
-1.362411e-09
-1.047945e-09
7.263733e-10
-9.796543e-10
8.823069e-10
-7.449296e-10
-6.792055e-10
1.091694e-09
-8.385352e-10
-1.226506e-09
-8.128477e-10
7.860693e-10
-9.109759e-10
1.038696e-09
-9.658968e-10
-9.164679e-10
-1.134619e-09
8.095355e-10
9.456734e-10
1.222560e-09
-1.202681e-09
9.757635e-10
-1.100983e-09
-5.153526e-10
-8.655567e-10
-1.054645e-09
1.060431e-09
-1.112661e-09
-7.361246e-10
-9.712330e-10
9.186520e-10
-9.179788e-10
8.477350e-10
1.294715e-09
1.107464e-09
1.081167e-09
1.135261e-09
9.525775e-10
8.694321e-10
1.022250e-09
7.264819e-10
8.364781e-10
1.005707e-09
-7.887719e-10
7.499760e-10
-8.787147e-10
-8.753148e-10
1.102880e-09
6.142741e-10
9.418603e-10
-5.443823e-10
-4.893885e-10
-1.053741e-09
1.008862e-09
1.164630e-09
7.712005e-10
-6.951307e-10
9.195370e-10
1.012691e-09
9.419919e-10
-6.927598e-10
1.177722e-09
8.276894e-10
1.067276e-09
-1.413699e-09
9.799977e-10
-1.007669e-09
1.206763e-09
8.691048e-10
-9.183808e-10
1.114232e-09
-1.042059e-09
7.677427e-10
-7.946172e-10
-9.275112e-10
1.234401e-09
6.581351e-10
8.960163e-10
-7.376624e-10
-8.196603e-10
-8.593753e-10
9.475652e-10
7.681689e-10
-1.227790e-09
-1.040108e-09
-1.089855e-09
8.129968e-10
-1.102479e-09
1.131892e-09
1.330722e-09
-1.128807e-09
1.229762e-09
-1.262936e-09
1.069439e-09
8.918588e-10
1.182020e-09
-6.124355e-10
-7.026705e-10
9.003759e-10
8.661360e-10
8.983411e-10
7.495799e-10
1.196118e-09
-1.041448e-09
-1.238956e-09
-1.144690e-09
6.879752e-10
-9.783282e-10
1.054884e-09
6.658385e-10
9.821070e-10
-9.837111e-10
6.687809e-10
-1.201428e-09
8.661452e-10
9.256778e-10
-8.611236e-10
-1.265679e-09
-5.608063e-10
1.017926e-09
1.041682e-09
9.099021e-10
-9.391643e-10
-1.099628e-09
-1.029869e-09
-1.133052e-09
1.052254e-09
1.104087e-09
8.918968e-10
9.478529e-10
7.274398e-10
-1.148479e-09
-8.047865e-10
-7.530438e-10
1.068274e-09
-9.166026e-10
9.040533e-10
1.144840e-09
9.765064e-10
1.463797e-09
1.176513e-09
1.354018e-09
1.144310e-09
-7.918202e-10
1.054530e-09
1.322936e-09
1.099874e-09
-9.003237e-10
1.213527e-09
7.257629e-10
9.869384e-10
1.175487e-09
-7.333315e-10
-1.053296e-09
-8.026727e-10
7.957064e-10
-9.135292e-10
9.414421e-10
-1.555311e-09
-1.224140e-09
-9.839975e-10
-1.241160e-09
7.843460e-10
1.515505e-09
-8.483500e-10
5.562882e-10
1.103861e-09
9.507374e-10
-8.198620e-10
-1.125079e-09
1.117121e-09
9.778608e-10
-8.475404e-10
-8.621173e-10
-1.126548e-09
8.856273e-10
-1.164436e-09
-6.859243e-10
-1.251401e-09
-1.202910e-09
7.189710e-10
-1.218615e-09
-7.709171e-10
-1.263770e-09
9.200233e-10
-9.629055e-10
-1.124406e-09
1.024854e-09
8.920970e-10
-1.454173e-09
7.599435e-10
1.070838e-09
-1.036990e-09
-1.047714e-09
7.512549e-10
1.223221e-09
-1.125859e-09
-9.844925e-10
1.525786e-09
-8.638532e-10
-7.737528e-10
7.387681e-10
-1.106723e-09
1.122609e-09
-1.100641e-09
1.141125e-09
-9.542193e-10
-1.323405e-09
1.172393e-09
9.391129e-10
-1.039565e-09
1.154802e-09
-1.003119e-09
8.928746e-10
-1.050199e-09
-9.449998e-10
-1.077751e-09
-1.017937e-09
-9.793791e-10
-1.198490e-09
-8.001341e-10
1.254691e-09
1.151054e-09
-1.207101e-09
8.663528e-10
-1.184502e-09
-6.674747e-10
-9.838209e-10
9.248416e-10
1.165678e-09
8.750639e-10
-1.006553e-09
-1.100106e-09
1.128016e-09
-1.375506e-09
-1.124560e-09
9.523768e-10
9.452927e-10
8.687176e-10
1.083923e-09
-7.251036e-10
1.045159e-09
1.251394e-09
-5.582647e-10
-8.132649e-10
8.920420e-10
1.213506e-09
1.048936e-09
1.147703e-09
-1.086556e-09
-1.324922e-09
-1.127301e-09
7.860526e-10
-8.266018e-10
-7.962700e-10
8.614873e-10
-7.700865e-10
-1.025066e-09
9.692081e-10
8.815718e-10
5.434178e-10
-8.408907e-10
-1.053003e-09
1.305901e-09
-7.173943e-10
8.903298e-10
-1.502368e-09
8.739336e-10
1.114176e-09
-1.166411e-09
-1.258983e-09
-4.998827e-10
1.146499e-09
-9.500178e-10
-1.187682e-09
-9.622420e-10
-1.286984e-09
9.621516e-10
1.204281e-09
1.067282e-09
1.048333e-09
-1.266687e-09
-1.288842e-09
1.210059e-09
1.182864e-09
9.175904e-10
6.930178e-10
-1.173966e-09
9.966795e-10
-7.097674e-10
7.428155e-10
-1.079042e-09
8.847975e-10
8.788477e-10
-1.113594e-09
-1.033682e-09
-7.376974e-10
8.333885e-10
1.102199e-09
-8.320104e-10
1.185419e-09
1.178547e-09
8.035451e-10
5.922200e-10
-8.932546e-10
1.180676e-09
-8.367715e-10
1.614603e-09
-9.264132e-10
-1.116237e-09
9.908773e-10
-7.987627e-10
1.051595e-09
1.152594e-09
8.510038e-10
-1.216131e-09
9.548898e-10
1.123618e-09
1.038360e-09
9.009381e-10
9.379645e-10
1.224568e-09
1.011448e-09
-8.551234e-10
9.238992e-10
1.056677e-09
-1.246620e-09
1.024922e-09
-7.978588e-10
-1.396260e-09
9.800629e-10
8.251225e-10
7.922740e-10
1.172283e-09
-9.374952e-10
-7.861612e-10
1.112385e-09
-1.187507e-09
-9.650709e-10
-8.810651e-10
1.112111e-09
-1.208874e-09
7.386252e-10
6.880768e-10
9.934208e-10
-9.527841e-10
9.631686e-10
1.177726e-09
9.785550e-10
1.300094e-09
-8.605949e-10
1.187159e-09
1.207134e-09
-1.110067e-09
4.792024e-10
1.106315e-09
-1.042434e-09
1.032540e-09
-8.258497e-10
-1.083661e-09
1.111064e-09
1.175465e-09
-7.328262e-10
-8.471337e-10
-1.156863e-09
-1.451295e-09
1.398707e-09
-7.737240e-10
1.203539e-09
9.791805e-10
-7.384215e-10
9.147887e-10
8.648465e-10
-7.711743e-10
1.028792e-09
-1.020375e-09
-9.370010e-10
-1.021602e-09
1.365358e-09
8.258122e-10
8.936929e-10
8.238847e-10
7.786756e-10
6.407130e-10
9.562492e-10
-9.664985e-10
-9.462595e-10
-1.237718e-09
-9.209249e-10
-9.854770e-10
-1.073662e-09
1.049769e-09
9.047146e-10
-1.413051e-09
1.354023e-09
7.410243e-10
-1.289264e-09
1.030611e-09
1.050562e-09
1.208805e-09
-1.640379e-09
-1.094511e-09
-8.770216e-10
-9.374784e-10
1.261309e-09
-7.590825e-10
7.618311e-10
1.147560e-09
-6.742930e-10
7.453690e-10
6.184911e-10
1.382791e-09
5.069876e-10
-1.003774e-09
-1.178621e-09
1.164717e-09
9.264739e-10
1.223366e-09
-9.337268e-10
1.088374e-09
-5.970928e-10
1.032748e-09
-9.438980e-10
1.194546e-09
-8.432234e-10
1.046860e-09
9.326768e-10
3.676832e-10
-9.795121e-10
-8.740611e-10
-7.985119e-10
-8.879536e-10
1.112093e-09
1.124783e-09
-1.175078e-09
-1.029556e-09
1.025323e-09
-1.094452e-09
-1.090846e-09
-7.997592e-10
-9.868485e-10
-6.240378e-10
-8.557339e-10
6.936276e-10
1.113202e-09
-1.011332e-09
8.133000e-10
1.061646e-09
-1.010816e-09
1.059039e-09
-9.548272e-10
-1.016378e-09
-1.080823e-09
1.501193e-09
8.780792e-10
8.614054e-10
-9.212422e-10
-1.238081e-09
-1.146417e-09
-1.110136e-09
1.030252e-09
8.533310e-10
1.050845e-09
-9.074026e-10
-1.005571e-09
1.187846e-09
1.285045e-09
-9.492820e-10
-1.296892e-09
1.027932e-09
-1.214790e-09
-7.045794e-10
1.057175e-09
9.216612e-10
-8.351107e-10
-1.378586e-09
1.129682e-09
1.140050e-09
-1.118701e-09
-1.028824e-09
1.499067e-09
-1.061049e-09
-1.251743e-09
4.196875e-10
9.724463e-10
1.304816e-09
-8.741525e-10
-7.396098e-10
-9.287245e-10
-1.212149e-09
9.436661e-10
-1.020079e-09
-1.022024e-09
9.973518e-10
-1.182938e-09
1.112943e-09
8.802045e-10
-1.181385e-09
-1.239174e-09
9.944422e-10
1.010247e-09
1.235832e-09
9.269939e-10
-1.142005e-09
-9.397488e-10
-5.855164e-10
1.035485e-09
-7.194219e-10
-1.293083e-09
6.072349e-10
1.035259e-09
1.196005e-09
-8.846119e-10
-6.003293e-10
1.400573e-09
8.479059e-10
1.450593e-09
-1.190651e-09
9.233788e-10
9.808241e-10
-8.058500e-10
1.293947e-09
1.115506e-09
1.317258e-09
1.216997e-09
1.033215e-09
8.507196e-10
7.882369e-10
8.587953e-10
-7.366214e-10
-1.535227e-09
9.867787e-10
8.158432e-10
-9.430961e-10
1.299368e-09
-1.085778e-09
-9.344781e-10
8.441435e-10
-1.249686e-09
7.166806e-10
-1.214107e-09
9.647892e-10
1.165463e-09
-9.159426e-10
1.155757e-09
-7.337658e-10
1.162861e-09
8.422077e-10
-6.056146e-10
9.640594e-10
-1.167962e-09
-9.406256e-10
-1.313023e-09
-1.153937e-09
-1.313452e-09
-9.549954e-10
-1.068897e-09
1.045901e-09
1.154437e-09
7.809723e-10
-7.514539e-10
-1.042177e-09
-9.128513e-10
8.852814e-10
-9.087455e-10
-1.061850e-09
8.078246e-10
7.940523e-10
4.498999e-10
-1.051504e-09
-1.014406e-09
1.356449e-09
6.951324e-10
-1.164300e-09
8.532860e-10
-1.140357e-09
-6.524698e-10
-1.148122e-09
7.692203e-10
8.216889e-10
1.097526e-09
1.315973e-09
1.206092e-09
-8.831123e-10
9.262448e-10
-1.061469e-09
-9.438242e-10
1.063838e-09
-1.282427e-09
-1.139610e-09
8.084443e-10
1.075199e-09
7.274953e-10
1.475331e-09
-1.220275e-09
-1.197007e-09
-1.027734e-09
1.177852e-09
1.282824e-09
1.205192e-09
9.054393e-10
7.067692e-10
1.073759e-09
9.107245e-10
8.037314e-10
1.076254e-09
-6.210944e-10
8.147411e-10
7.325705e-10
1.035221e-09
-1.077779e-09
8.401102e-10
-8.237519e-10
-1.013296e-09
-9.452441e-10
1.239754e-09
1.079019e-09
-9.194969e-10
-1.251273e-09
-9.803815e-10
9.490333e-10
-9.809547e-10
1.320800e-09
7.915667e-10
-8.688121e-10
8.854852e-10
-1.142673e-09
-8.927606e-10
1.100839e-09
1.058552e-09
8.025733e-10
-8.808730e-10
-8.376667e-10
6.820853e-10
5.981896e-10
-1.402489e-09
-7.378832e-10
-1.272777e-09
1.017273e-09
1.503379e-09
-1.168627e-09
-1.196960e-09
-5.734849e-10
1.052249e-09
8.383422e-10
-6.461362e-10
-9.637791e-10
-8.368081e-10
-1.159635e-09
7.731083e-10
-9.103332e-10
-8.812925e-10
-1.005360e-09
-9.685125e-10
1.204096e-09
1.041053e-09
-7.230537e-10
1.339548e-09
7.813844e-10
-9.513596e-10
9.957965e-10
-9.014165e-10
8.339276e-10
7.914764e-10
-8.662624e-10
9.861745e-10
1.108267e-09
9.985154e-10
9.452511e-10
1.063907e-09
1.180472e-09
6.852942e-10
5.871745e-10
-1.426023e-09
-1.304021e-09
-8.677582e-10
-1.025816e-09
-8.920798e-10
-1.183577e-09
-1.144476e-09
-8.540773e-10
-7.534119e-10
8.551538e-10
-9.007230e-10
-1.126567e-09
9.313608e-10
-7.400841e-10
-7.800303e-10
9.137234e-10
9.695447e-10
-1.188460e-09
9.775574e-10
-1.150802e-09
8.003412e-10
1.110300e-09
9.769017e-10
-1.204788e-09
8.888429e-10
1.346632e-09
-1.242932e-09
1.017297e-09
-8.119941e-10
9.149775e-10
-9.453550e-10
9.043491e-10
8.753305e-10
-9.223775e-10
1.094874e-09
-1.211226e-09
9.188310e-10
1.099360e-09
1.207717e-09
-9.400526e-10
-7.522890e-10
1.008277e-09
-8.573558e-10
8.372980e-10
-1.077799e-09
-1.260041e-09
9.134563e-10
9.130521e-10
-9.591677e-10
-9.944737e-10
-1.255210e-09
8.792592e-10
1.155073e-09
7.466179e-10
9.870336e-10
-1.007836e-09
-8.760100e-10
-8.975340e-10
1.170140e-09
9.588940e-10
-1.028428e-09
-1.009609e-09
1.159363e-09
-1.031405e-09
1.255279e-09
9.870003e-10
-7.669448e-10
-1.084387e-09
1.124645e-09
1.394110e-09
5.336794e-10
-8.589876e-10
-1.247310e-09
-1.009884e-09
1.149210e-09
1.085686e-09
-9.446322e-10
6.933267e-10
-6.100374e-10
-9.436508e-10
-6.601349e-10
1.159371e-09
-1.125841e-09
8.684175e-10
1.084682e-09
-6.814616e-10
4.274356e-10
-9.885035e-10
7.939904e-10
7.708017e-10
9.327941e-10
-7.940718e-10
-1.151806e-09
-7.813797e-10
1.100086e-09
7.491780e-10
-9.955614e-10
-9.816769e-10
9.819772e-10
-9.746116e-10
1.128313e-09
1.085209e-09
1.123314e-09
1.122588e-09
-1.276048e-09
-1.276404e-09
9.440176e-10
7.322317e-10
-1.201016e-09
-8.957246e-10
8.004825e-10
5.408041e-10
-1.341782e-09
8.178537e-10
-9.122837e-10
-9.918625e-10
1.111602e-09
9.710412e-10
-8.596040e-10
1.008376e-09
1.047361e-09
-7.135119e-10
8.991949e-10
1.298718e-09
9.380501e-10
-9.488254e-10
9.624960e-10
9.328657e-10
-1.350458e-09
1.298461e-09
8.467758e-10
8.376517e-10
1.231945e-09
-1.103916e-09
5.230840e-10
8.166892e-10
9.765367e-10
-1.078817e-09
1.315129e-09
-1.095764e-09
-7.251137e-10
-8.516743e-10
-1.063858e-09
-9.529698e-10
1.255871e-09
5.450880e-10
7.875590e-10
-9.146899e-10
9.669567e-10
1.061830e-09
-1.255794e-09
8.428074e-10
-8.616214e-10
1.076619e-09
-1.347139e-09
1.213637e-09
-9.491396e-10
-9.669175e-10
5.317938e-10
-1.026986e-09
1.123696e-09
-9.884546e-10
1.127411e-09
-9.821141e-10
-8.701622e-10
-1.099310e-09
-1.015935e-09
9.820297e-10
9.548960e-10
-1.145965e-09
1.383303e-09
-9.846884e-10
9.532724e-10
7.845220e-10
-7.692140e-10
1.133162e-09
8.235489e-10
-1.139593e-09
-9.555664e-10
1.114363e-09
1.335979e-09
-9.892889e-10
-1.172582e-09
-1.004975e-09
9.064968e-10
1.251533e-09
-1.031451e-09
9.515739e-10
-8.694365e-10
1.360837e-09
-1.051299e-09
-1.163864e-09
-1.461414e-09
9.418117e-10
-8.096656e-10
-8.850524e-10
-6.858579e-10
5.484233e-10
-1.020385e-09
-9.353645e-10
1.243429e-09
-1.031125e-09
-9.331132e-10
8.768692e-10
-1.039181e-09
-9.284419e-10
1.207204e-09
-1.043391e-09
1.119321e-09
1.004358e-09
9.776335e-10
8.863940e-10
1.292962e-09
1.243997e-09
-5.508382e-10
6.246887e-10
-1.089392e-09
-8.099848e-10
-9.433727e-10
-1.028375e-09
-1.090855e-09
-1.271092e-09
-7.646184e-10
-9.783609e-10
-1.318644e-09
1.122603e-09
-8.811941e-10
1.036281e-09
-9.568093e-10
1.040981e-09
-1.487217e-09
9.273738e-10
9.362981e-10
8.247994e-10
-1.032161e-09
8.710212e-10
7.877869e-10
7.106172e-10
-9.424751e-10
6.202611e-10
9.493175e-10
-1.024548e-09
-1.366996e-09
-9.407466e-10
-8.519199e-10
7.207991e-10
1.065172e-09
-8.536160e-10
8.887254e-10
9.070643e-10
9.984071e-10
9.683930e-10
7.496054e-10
1.066807e-09
-1.244263e-09
1.195345e-09
8.583091e-10
8.522656e-10
7.802218e-10
7.820500e-10
7.889176e-10
1.137385e-09
-1.013892e-09
-8.164844e-10
-8.879555e-10
-1.178802e-09
-1.047554e-09
-8.459137e-10
1.190883e-09
-9.755161e-10
1.201213e-09
8.149398e-10
-1.021871e-09
7.740524e-10
8.256245e-10
-1.133577e-09
-9.770534e-10
9.117422e-10
1.045637e-09
-6.825386e-10
9.336355e-10
1.016003e-09
9.564414e-10
8.694215e-10
-1.168714e-09
8.321777e-10
9.370669e-10
-1.020773e-09
-7.800277e-10
-9.964287e-10
-8.267678e-10
8.694634e-10
1.255548e-09
-9.692096e-10
-1.019197e-09
9.449031e-10
-8.027934e-10
1.098722e-09
1.183855e-09
-5.348489e-10
-9.659444e-10
-1.005072e-09
-1.151413e-09
-7.676864e-10
9.036861e-10
-1.059551e-09
7.221285e-10
-1.151968e-09
-1.184864e-09
-7.671839e-10
-1.354185e-09
-1.237793e-09
-1.029829e-09
9.444400e-10
1.212212e-09
-6.632498e-10
-1.235950e-09
1.066600e-09
-1.002634e-09
-9.183704e-10
7.350864e-10
-1.349236e-09
-1.062294e-09
-1.053473e-09
-1.045458e-09
9.805304e-10
1.000972e-09
-9.409733e-10
-9.059424e-10
-1.004117e-09
1.155874e-09
1.125863e-09
-1.070853e-09
-1.047307e-09
-1.133962e-09
-8.922397e-10
7.202848e-10
1.296685e-09
-1.131381e-09
7.804246e-10
-1.028164e-09
-9.809654e-10
-1.010580e-09
7.876746e-10
1.245097e-09
1.445265e-09
1.061691e-09
1.056039e-09
1.070963e-09
8.769489e-10
8.523990e-10
-1.258303e-09
1.024625e-09
-8.914730e-10
-1.030678e-09
8.690479e-10
1.277224e-09
-9.179169e-10
-1.215900e-09
9.108332e-10
1.682158e-09
9.525385e-10
1.169123e-09
9.060787e-10
-1.230414e-09
1.067341e-09
6.507195e-10
-1.044031e-09
-1.394945e-09
-1.055219e-09
9.473010e-10
-1.082901e-09
1.059140e-09
-1.164412e-09
7.443435e-10
-9.111827e-10
-8.154509e-10
-1.043110e-09
6.989145e-10
9.323769e-10
-1.177601e-09
1.089053e-09
8.217055e-10
-9.997539e-10
-6.854991e-10
1.134105e-09
-8.988721e-10
-9.664152e-10
1.064431e-09
-1.063734e-09
1.088408e-09
9.810869e-10
-1.396690e-09
-9.181400e-10
1.127834e-09
-1.040271e-09
7.742263e-10
-8.011240e-10
9.157510e-10
-8.754559e-10
-1.234501e-09
-7.540340e-10
-9.173150e-10
9.570803e-10
1.183819e-09
-7.840635e-10
-9.218579e-10
-6.929857e-10
-9.259479e-10
-9.038110e-10
-8.737880e-10
-9.564696e-10
-1.105365e-09
-1.040888e-09
1.222439e-09
1.038982e-09
-9.858635e-10
-5.514730e-10
1.119398e-09
8.780054e-10
-1.009160e-09
-1.015671e-09
-6.267200e-10
8.536069e-10
1.143537e-09
-1.012042e-09
1.045992e-09
1.160967e-09
-8.207053e-10
-1.096049e-09
8.818629e-10
-9.455752e-10
7.478478e-10
1.028167e-09
1.140132e-09
-1.213460e-09
8.089640e-10
8.757053e-10
-1.035326e-09
-1.021936e-09
7.863028e-10
1.175270e-09
9.084806e-10
-6.961392e-10
-7.742114e-10
-1.191325e-09
-4.001906e-10
-7.106460e-10
1.121386e-09
1.298984e-09
8.563369e-10
-1.088621e-09
-1.245148e-09
8.867718e-10
1.082876e-09
-9.871830e-10
7.824911e-10
-1.001265e-09
-1.095531e-09
-1.002587e-09
-1.279900e-09
1.180418e-09
1.266426e-09
-1.025423e-09
8.151351e-10
-1.156510e-09
-7.519276e-10
-9.366860e-10
1.022715e-09
-9.817757e-10
-1.092428e-09
8.348381e-10
9.771598e-10
7.883436e-10
1.254054e-09
-9.229443e-10
9.736293e-10
9.994170e-10
-9.759076e-10
-1.134275e-09
-1.116855e-09
-9.130179e-10
-1.018443e-09
7.891951e-10
9.139330e-10
-1.175714e-09
1.155078e-09
1.025964e-09
-9.515301e-10
5.461780e-10
-1.357378e-09
-9.128356e-10
-7.696054e-10
8.200120e-10
1.182246e-09
9.695442e-10
8.728213e-10
-1.153232e-09
-9.091115e-10
1.091374e-09
1.361928e-09
1.216786e-09
-1.023655e-09
-1.182300e-09
-1.010627e-09
-1.285037e-09
8.780159e-10
1.358825e-09
-1.162847e-09
1.034841e-09
9.753150e-10
1.176221e-09
1.122198e-09
-9.338266e-10
-8.363656e-10
-1.015666e-09
-1.450581e-09
7.572891e-10
-8.685682e-10
8.441112e-10
-1.235682e-09
-1.041611e-09
-9.832951e-10
-8.812651e-10
-1.251602e-09
1.190768e-09
1.379581e-09
1.310613e-09
8.694379e-10
1.360495e-09
-1.440392e-09
-7.477857e-10
5.984669e-10
7.414390e-10
1.022123e-09
9.759622e-10
1.223835e-09
9.890059e-10
1.030291e-09
1.384918e-09
-1.171846e-09
1.142560e-09
-7.898477e-10
-9.922479e-10
-1.120775e-09
-1.133236e-09
-9.142032e-10
-1.051822e-09
9.748080e-10
1.212858e-09
1.051751e-09
-9.754763e-10
7.979606e-10
1.029290e-09
-7.576663e-10
9.379542e-10
-9.899984e-10
-1.080740e-09
7.788034e-10
1.238541e-09
-1.305778e-09
1.045344e-09
1.056974e-09
1.555505e-09
-1.025085e-09
1.264136e-09
8.983199e-10
-1.043703e-09
-7.265470e-10
-9.532673e-10
-4.859700e-10
-1.202874e-09
9.720478e-10
1.081686e-09
7.860364e-10
-1.035959e-09
9.831011e-10
9.646434e-10
8.755547e-10
1.128044e-09
-1.168867e-09
-9.837671e-10
-1.261752e-09
9.250865e-10
-1.218084e-09
-7.994158e-10
8.079884e-10
-1.035560e-09
9.625544e-10
-8.901330e-10
1.077882e-09
-5.890213e-10
6.858967e-10
1.279391e-09
-7.259245e-10
-1.097449e-09
1.303033e-09
1.131459e-09
9.329457e-10
-1.099640e-09
1.165576e-09
6.421525e-10
1.315920e-09
-9.486915e-10
1.036717e-09
1.131363e-09
1.120259e-09
-7.156385e-10
1.025832e-09
-1.063010e-09
-7.716521e-10
8.134504e-10
-1.348121e-09
-1.357932e-09
-8.413919e-10
9.148319e-10
9.352578e-10
9.704255e-10
-5.252000e-10
7.357015e-10
-9.656448e-10
-7.556157e-10
1.028584e-09
1.113288e-09
-1.048762e-09
8.729474e-10
-1.200859e-09
-1.145751e-09
-9.983450e-10
-1.207220e-09
7.148211e-10
1.121646e-09
-1.071471e-09
-7.048008e-10
1.224901e-09
1.079210e-09
1.710854e-09
-1.067231e-09
1.077928e-09
8.595691e-10
-9.129233e-10
-1.225737e-09
-6.890455e-10
-9.090447e-10
-7.923571e-10
1.078396e-09
9.290214e-10
1.048455e-09
-8.672434e-10
1.056251e-09
-7.197178e-10
8.426445e-10
1.088259e-09
-1.097300e-09
9.099571e-10
1.207668e-09
6.721018e-10
9.402573e-10
9.707133e-10
-1.107783e-09
1.050488e-09
-8.949483e-10
-8.454052e-10
-1.239500e-09
1.133344e-09
-9.537580e-10
-9.067026e-10
9.871273e-10
-1.200556e-09
1.028885e-09
1.181955e-09
-7.159532e-10
8.052902e-10
9.598255e-10
9.140802e-10
-9.469955e-10
-1.537174e-09
1.100422e-09
-1.369941e-09
-1.390890e-09
1.379951e-09
8.317931e-10
-1.189413e-09
8.558835e-10
-8.004798e-10
-1.272222e-09
-1.092117e-09
1.349208e-09
-7.094629e-10
9.579388e-10
-1.264390e-09
-1.156039e-09
-8.416056e-10
-1.504349e-09
9.248666e-10
-8.889754e-10
7.832572e-10
-8.640085e-10
1.018651e-09
8.277491e-10
-1.338226e-09
9.466276e-10
9.295126e-10
-1.142766e-09
1.035426e-09
1.087921e-09
6.783749e-10
-1.034970e-09
-8.787057e-10
-1.109927e-09
-7.306610e-10
-1.050012e-09
-1.123701e-09
-1.015099e-09
7.589893e-10
8.807443e-10
9.742467e-10
-1.068050e-09
9.783882e-10
1.185838e-09
1.132312e-09
-1.067333e-09
-1.264744e-09
-5.980468e-10
1.021554e-09
-6.087613e-10
-8.046138e-10
7.616222e-10
-8.848282e-10
-9.868239e-10
8.802760e-10
-1.442187e-09
1.420442e-09
9.904147e-10
1.350282e-09
1.000117e-09
1.133882e-09
-8.871360e-10
9.872157e-10
1.060021e-09
-1.055473e-09
8.619694e-10
1.075080e-09
-1.216587e-09
-8.024121e-10
6.592247e-10
-8.901124e-10
9.553328e-10
-7.109019e-10
-3.197651e-10
-1.079574e-09
1.135661e-09
1.387316e-09
-1.035887e-09
-9.278170e-10
-9.031296e-10
8.316512e-10
-1.104794e-09
-7.810057e-10
-1.041962e-09
9.502253e-10
1.051219e-09
-9.308294e-10
-9.245328e-10
-8.430302e-10
-7.251376e-10
1.127755e-09
-1.407843e-09
-8.101033e-10
-1.033402e-09
1.229314e-09
-1.103888e-09
-9.704565e-10
9.854062e-10
-1.042689e-09
7.807401e-10
1.269520e-09
1.082763e-09
9.123105e-10
-7.147110e-10
-9.495384e-10
8.948298e-10
-1.007474e-09
-8.471034e-10
6.897721e-10
-8.873729e-10
-1.195514e-09
1.091326e-09
9.107412e-10
-1.021582e-09
-7.641394e-10
-1.015881e-09
-1.134027e-09
1.312471e-09
-1.105080e-09
1.044169e-09
-9.193385e-10
-8.961115e-10
-1.050512e-09
1.121537e-09
6.879291e-10
-8.884952e-10
1.196712e-09
-7.760017e-10
1.420260e-09
-1.129171e-09
1.305011e-09
1.142253e-09
1.351896e-09
-1.091666e-09
-1.095793e-09
-9.495009e-10
7.649643e-10
-7.860395e-10
1.243167e-09
7.533601e-10
-1.087398e-09
9.083808e-10
-1.134214e-09
-1.187397e-09
-1.338005e-09
1.030980e-09
-9.739854e-10
8.100659e-10
1.023751e-09
-1.196367e-09
1.202429e-09
-1.308940e-09
1.234137e-09
-1.014387e-09
1.243453e-09
1.261996e-09
-9.305613e-10
1.315128e-09
-9.722130e-10
-1.004057e-09
-8.762618e-10
-1.067132e-09
1.022258e-09
-1.191539e-09
-9.422734e-10
-9.599167e-10
1.370430e-09
4.984619e-10
8.124769e-10
9.410543e-10
9.237852e-10
-9.089031e-10
-1.062880e-09
1.262405e-09
1.181284e-09
-9.561436e-10
1.031419e-09
9.893305e-10
1.155342e-09
-9.802821e-10
1.205597e-09
8.214121e-10
1.263239e-09
1.037602e-09
9.748789e-10
1.038280e-09
1.321811e-09
8.669652e-10
1.067786e-09
-1.034450e-09
-8.321877e-10
-1.213864e-09
1.075478e-09
-1.152195e-09
-1.146796e-09
9.651988e-10
-8.363541e-10
7.442704e-10
1.060621e-09
1.425365e-09
8.121811e-10
9.867750e-10
-8.769174e-10
1.029603e-09
-9.383218e-10
-1.316234e-09
-1.189292e-09
1.097076e-09
-9.231524e-10
9.719603e-10
8.976939e-10
7.801781e-10
-1.276918e-09
8.098063e-10
9.686407e-10
1.005112e-09
-1.057240e-09
9.692217e-10
8.762066e-10
9.958834e-10
8.937619e-10
8.675462e-10
1.010847e-09
-1.114221e-09
-1.028377e-09
1.335055e-09
-1.288405e-09
-1.491832e-09
1.342925e-09
-8.472503e-10
7.118772e-10
-9.594407e-10
-9.363783e-10
8.230193e-10
7.995839e-10
1.056047e-09
-8.496381e-10
9.847572e-10
7.056184e-10
-1.039557e-09
-8.546924e-10
1.177573e-09
-9.327443e-10
-9.428229e-10
-7.971644e-10
-9.210592e-10
-1.113968e-09
7.491048e-10
1.019377e-09
-8.224342e-10
9.308044e-10
7.875203e-10
-7.942655e-10
1.068526e-09
8.963203e-10
1.096005e-09
1.184250e-09
1.108186e-09
-9.602806e-10
7.653410e-10
-6.822600e-10
9.402796e-10
1.169973e-09
-8.935360e-10
-1.027935e-09
1.178112e-09
1.145312e-09
4.989504e-10
-1.170135e-09
1.128453e-09
1.322987e-09
1.339350e-09
-1.116165e-09
-1.045563e-09
1.099514e-09
1.050027e-09
7.610070e-10
-1.154025e-09
1.018038e-09
1.213135e-09
-9.028341e-10
-9.451931e-10
-8.275145e-10
1.114564e-09
9.343193e-10
9.912441e-10
-8.108364e-10
1.111702e-09
-1.161975e-09
1.081565e-09
1.231042e-09
-9.398377e-10
1.206844e-09
8.654884e-10
-1.379895e-09
1.178877e-09
-9.699365e-10
6.827194e-10
-1.134555e-09
-7.865482e-10
1.189057e-09
6.859184e-10
8.033582e-10
1.215852e-09
1.141943e-09
-7.292714e-10
-1.077058e-09
-7.813652e-10
8.998593e-10
7.980623e-10
8.475860e-10
1.193091e-09
1.006422e-09
1.197722e-09
8.429454e-10
-9.918432e-10
-9.717323e-10
-1.206880e-09
-9.597026e-10
-1.032192e-09
-8.730738e-10
6.928340e-10
-8.622708e-10
1.116968e-09
-1.174547e-09
-1.069982e-09
-9.258208e-10
-8.064857e-10
-1.023953e-09
1.084767e-09
1.014060e-09
-7.676103e-10
-1.120421e-09
-1.001856e-09
1.051855e-09
1.235164e-09
8.791032e-10
9.987558e-10
1.165681e-09
-6.984327e-10
-1.095284e-09
1.383654e-09
1.091081e-09
-1.590713e-09
9.932863e-10
-1.140209e-09
1.149536e-09
-1.243328e-09
6.664956e-10
-8.503401e-10
-9.636137e-10
-1.161802e-09
-8.795262e-10
1.060670e-09
8.730673e-10
-9.524255e-10
-1.137885e-09
-6.587957e-10
8.625553e-10
-9.343568e-10
-1.165032e-09
-1.000786e-09
-1.055175e-09
-7.757884e-10
-1.098737e-09
6.523368e-10
-1.223779e-09
1.146299e-09
-1.051321e-09
1.165120e-09
1.165923e-09
-1.535903e-09
-1.030156e-09
-8.427840e-10
9.704128e-10
1.098913e-09
1.104954e-09
1.279575e-09
-9.704170e-10
9.798961e-10
1.092442e-09
1.324613e-09
-1.120935e-09
-7.643174e-10
-9.600983e-10
-1.159355e-09
7.797473e-10
-8.397081e-10
1.006258e-09
1.175956e-09
-1.053342e-09
1.083851e-09
9.121847e-10
-1.370165e-09
-7.185151e-10
-3.410184e-10
-1.361985e-09
9.731177e-10
-8.409670e-10
-1.182586e-09
-7.107206e-10
-1.214135e-09
-1.115569e-09
-8.821154e-10
1.151620e-09
-1.097391e-09
-9.362503e-10
5.734012e-10
-8.150622e-10
-1.081640e-09
1.249444e-09
-1.373099e-09
-7.290512e-10
-8.446689e-10
-1.254679e-09
-1.000075e-09
-9.096605e-10
8.121756e-10
-9.544743e-10
1.219465e-09
1.177875e-09
-1.225299e-09
-1.107221e-09
-1.011178e-09
-6.887805e-10
-8.545768e-10
1.169233e-09
9.681573e-10
9.711527e-10
-8.168093e-10
1.074800e-09
9.210714e-10
-1.221103e-09
1.217055e-09
1.533586e-09
-8.596200e-10
-1.110284e-09
9.682342e-10
1.028297e-09
-9.727043e-10
-9.282797e-10
1.228336e-09
-8.783553e-10
9.718093e-10
-1.170520e-09
7.218257e-10
-1.101698e-09
-1.324081e-09
1.070387e-09
1.131966e-09
1.111869e-09
-7.424244e-10
-9.861477e-10
1.376468e-09
-1.217354e-09
-9.827483e-10
-1.327714e-09
8.849306e-10
1.097728e-09
-6.449435e-10
1.078044e-09
1.211460e-09
1.049902e-09
-9.512893e-10
-1.051131e-09
9.774556e-10
8.460501e-10
-7.971460e-10
-7.972825e-10
7.691854e-10
-1.167971e-09
9.211562e-10
-1.001219e-09
1.006186e-09
1.271323e-09
-9.314616e-10
1.086545e-09
-8.646975e-10
1.168908e-09
-1.338137e-09
-9.141497e-10
-1.117494e-09
7.241296e-10
-7.817837e-10
1.250136e-09
1.290942e-09
-8.486456e-10
-9.514437e-10
-1.360679e-09
6.194640e-10
-1.272557e-09
1.424937e-09
1.125760e-09
9.695514e-10
7.114989e-10
-1.339234e-09
9.727604e-10
9.097203e-10
-8.926893e-10
-6.105614e-10
-6.470457e-10
1.102540e-09
8.851818e-10
8.666161e-10
1.037980e-09
-8.324920e-10
9.991861e-10
1.092025e-09
-8.937304e-10
-1.141196e-09
-7.679292e-10
1.237939e-09
-1.117315e-09
-5.441030e-10
-9.216701e-10
8.664948e-10
9.193920e-10
9.990388e-10
9.091165e-10
8.186756e-10
-7.992943e-10
-1.189466e-09
-9.594917e-10
-8.913307e-10
9.339558e-10
-1.075468e-09
-7.573662e-10
-1.138123e-09
1.128896e-09
-1.090608e-09
-6.774334e-10
1.232060e-09
-1.047650e-09
9.110321e-10
9.549102e-10
1.211506e-09
-1.033247e-09
-1.046881e-09
9.268288e-10
-7.566169e-10
9.301489e-10
1.127452e-09
1.483515e-09
-9.686177e-10
-8.040016e-10
-7.868304e-10
1.018705e-09
-9.651164e-10
9.024532e-10
-8.357938e-10
9.791399e-10
1.111034e-09
-1.076193e-09
1.142030e-09
1.035490e-09
-1.092718e-09
-1.135276e-09
7.307977e-10
1.340649e-09
-8.796723e-10
-1.407973e-09
1.056941e-09
8.765121e-10
-1.268449e-09
-1.211753e-09
1.050825e-09
-1.071613e-09
9.694097e-10
-9.776041e-10
7.912372e-10
6.333322e-10
-7.834806e-10
7.962713e-10
-1.172840e-09
-1.488828e-09
1.043938e-09
1.121659e-09
9.958716e-10
1.077474e-09
7.760783e-10
-9.828299e-10
7.523541e-10
9.630452e-10
1.029177e-09
-1.257353e-09
-7.265140e-10
1.027728e-09
9.364960e-10
-1.136549e-09
1.116148e-09
9.033277e-10
8.532199e-10
-1.140676e-09
-1.055411e-09
-1.252726e-09
6.462036e-10
-6.819519e-10
1.332806e-09
-1.025925e-09
-1.167901e-09
1.146678e-09
9.335858e-10
9.920788e-10
-9.689201e-10
1.131061e-09
1.088952e-09
-9.412956e-10
1.035977e-09
1.208410e-09
-1.101884e-09
8.828632e-10
1.084342e-09
1.216698e-09
-8.092000e-10
-6.701079e-10
7.173276e-10
-9.215648e-10
1.240455e-09
-1.058312e-09
8.911968e-10
-1.201546e-09
-1.135360e-09
9.370669e-10
-1.027807e-09
8.143438e-10
-1.238829e-09
8.499171e-10
-9.371793e-10
8.642168e-10
-4.963666e-10
9.511292e-10
1.325585e-09
9.190397e-10
1.057752e-09
8.235272e-10
1.327429e-09
1.139091e-09
-1.177428e-09
-9.983258e-10
7.796797e-10
1.170435e-09
-1.161320e-09
-9.925727e-10
1.331659e-09
8.037514e-10
9.257302e-10
1.258870e-09
-1.097465e-09
6.798315e-10
1.042605e-09
9.196119e-10
9.661852e-10
-1.252574e-09
-1.155331e-09
-9.012186e-10
-8.381996e-10
8.851804e-10
-9.481870e-10
-9.843211e-10
9.104598e-10
1.160736e-09
9.249943e-10
-1.112122e-09
1.177180e-09
1.219809e-09
8.949502e-10
-1.166381e-09
-1.144306e-09
-8.312398e-10
-1.083451e-09
9.044983e-10
8.731876e-10
7.661413e-10
-1.089666e-09
5.447756e-10
1.041227e-09
-9.602954e-10
-1.113819e-09
9.610378e-10
-1.131157e-09
9.858980e-10
1.533476e-09
-8.238882e-10
9.839976e-10
8.840294e-10
-9.407071e-10
5.008768e-10
-9.646762e-10
6.507353e-10
-1.057796e-09
8.179833e-10
-1.096649e-09
1.007580e-09
-1.088028e-09
9.451725e-10
-9.529553e-10
-9.946789e-10
8.417102e-10
8.846928e-10
1.205969e-09
-1.124171e-09
-8.355632e-10
-1.092675e-09
1.147725e-09
-9.195090e-10
1.212882e-09
-1.072961e-09
-9.391430e-10
-7.707755e-10
1.018195e-09
-9.228740e-10
9.963116e-10
-8.490271e-10
7.925671e-10
1.244279e-09
-9.260894e-10
-1.221451e-09
7.574572e-10
1.201464e-09
-8.196858e-10
-1.192388e-09
9.442977e-10
1.193364e-09
-1.094720e-09
1.310828e-09
-9.478210e-10
-1.122034e-09
-8.654719e-10
-8.923140e-10
8.374406e-10
9.409554e-10
1.052493e-09
1.144601e-09
1.018494e-09
-9.345489e-10
-9.641771e-10
-1.306063e-09
-9.471059e-10
5.268831e-10
1.012615e-09
-9.240353e-10
1.134004e-09
-6.817069e-10
-6.823345e-10
-1.034364e-09
8.884151e-10
-6.802672e-10
-7.156052e-10
1.333653e-09
9.055421e-10
-7.376996e-10
9.163251e-10
-9.106793e-10
8.847513e-10
1.101002e-09
-9.060192e-10
7.234159e-10
-7.993258e-10
-7.265945e-10
9.437104e-10
-9.883988e-10
-8.734302e-10
-8.210339e-10
1.005654e-09
-1.496901e-09
-8.069656e-10
6.425334e-10
9.099679e-10
9.735193e-10
-1.278944e-09
9.852594e-10
-1.235521e-09
-8.117653e-10
-7.727701e-10
-1.096529e-09
1.007017e-09
-7.637227e-10
-7.725827e-10
8.879641e-10
8.953761e-10
8.601324e-10
9.704721e-10
8.939436e-10
1.213459e-09
-1.000165e-09
-8.774368e-10
-1.192906e-09
-9.857584e-10
1.121514e-09
-9.816893e-10
1.017571e-09
-1.004534e-09
-6.446124e-10
6.491965e-10
-6.948345e-10
9.969310e-10
1.176344e-09
8.760971e-10
1.044000e-09
6.798270e-10
1.138362e-09
-1.032368e-09
7.036543e-10
-1.007674e-09
1.280147e-09
-9.975260e-10
-8.024344e-10
-9.385853e-10
1.271904e-09
1.398500e-09
-1.178726e-09
-1.254386e-09
-7.118403e-10
8.355914e-10
-9.533752e-10
1.040104e-09
-7.596038e-10
-1.015850e-09
-1.019613e-09
-1.244194e-09
1.093224e-09
-1.046327e-09
9.716494e-10
-9.950595e-10
9.815545e-10
-1.126824e-09
-9.314570e-10
1.475585e-09
-8.625333e-10
8.437834e-10
1.085414e-09
9.897760e-10
-1.067732e-09
9.978688e-10
8.154653e-10
-1.217975e-09
1.192048e-09
-7.635911e-10
-1.172808e-09
-1.075724e-09
8.490270e-10
7.211004e-10
-1.038517e-09
-1.318158e-09
8.509176e-10
9.274643e-10
-1.077232e-09
1.265804e-09
-8.753545e-10
-1.169121e-09
-1.101407e-09
-1.080060e-09
-9.990262e-10
9.927424e-10
1.096858e-09
7.798477e-10
-8.461963e-10
1.219903e-09
-1.059129e-09
1.017700e-09
-1.132565e-09
-1.041134e-09
-7.227524e-10
-1.230320e-09
1.141882e-09
-1.245724e-09
-7.200299e-10
1.153814e-09
1.033802e-09
1.118371e-09
7.597520e-10
-9.326793e-10
1.010245e-09
1.038284e-09
-6.638973e-10
7.818383e-10
1.018435e-09
1.115496e-09
1.079357e-09
6.716852e-10
-1.376475e-09
-9.796203e-10
1.019092e-09
8.742951e-10
1.298552e-09
9.304357e-10
-9.841900e-10
-7.941192e-10
1.059360e-09
-9.084958e-10
8.385805e-10
6.204790e-10
1.202904e-09
-1.093509e-09
8.524436e-10
1.137133e-09
8.409847e-10
1.105535e-09
8.315685e-10
1.018538e-09
7.658904e-10
-1.368481e-09
8.854425e-10
1.280412e-09
-9.289697e-10
5.758930e-10
-9.422376e-10
1.363100e-09
-9.542442e-10
-9.192243e-10
1.185645e-09
-9.414142e-10
7.042059e-10
1.120391e-09
-8.216398e-10
8.544101e-10
4.573897e-10
9.706518e-10
-8.396772e-10
-1.143598e-09
4.933273e-10
9.370554e-10
-9.906987e-10
1.184773e-09
1.299455e-09
1.231088e-09
9.427190e-10
-8.597356e-10
-1.270150e-09
-7.544923e-10
-1.273093e-09
9.615326e-10
1.344047e-09
1.081555e-09
-3.180681e-10
-1.145144e-09
8.887175e-10
8.971612e-10
9.018367e-10
9.671122e-10
7.701346e-10
-7.280250e-10
1.035174e-09
5.326729e-10
-4.515339e-10
-8.826236e-10
-8.036792e-10
1.109014e-09
9.974379e-10
-1.130956e-09
8.711599e-10
-1.135268e-09
1.219213e-09
-1.081021e-09
9.507905e-10
8.226856e-10
9.800998e-10
-7.053602e-10
-9.545965e-10
-1.123422e-09
-1.110973e-09
8.505328e-10
9.015755e-10
-1.209823e-09
8.362722e-10
1.291294e-09
9.322216e-10
7.713257e-10
-9.358029e-10
-7.194216e-10
6.894540e-10
1.148867e-09
-2.523032e-10
1.117847e-09
-1.258235e-09
-1.319642e-09
-1.107461e-09
-1.379233e-09
-1.330702e-09
-7.018088e-10
-1.393186e-09
-1.403888e-09
-7.481811e-10
-1.075789e-09
1.079209e-09
-1.359690e-09
-7.981957e-10
8.952282e-10
1.055841e-09
8.503242e-10
-7.425669e-10
9.982128e-10
-1.097202e-09
-1.023327e-09
-1.354599e-09
-1.187961e-09
-8.470384e-10
-8.739160e-10
1.076953e-09
-1.306529e-09
9.455763e-10
-1.439391e-09
-8.541056e-10
1.113149e-09
-1.065953e-09
-8.951871e-10
1.110126e-09
-8.010254e-10
-9.383324e-10
-1.007060e-09
-9.762551e-10
-1.241751e-09
-8.345286e-10
-1.118259e-09
-1.229458e-09
-1.048212e-09
8.355285e-10
-7.782227e-10
-1.410729e-09
-7.508973e-10
9.850795e-10
-1.198796e-09
-1.253392e-09
-8.221907e-10
-1.021416e-09
-1.148099e-09
5.612084e-10
-1.204823e-09
-1.138691e-09
5.482715e-10
9.348729e-10
-1.164074e-09
-1.382336e-09
-1.259144e-09
7.523704e-10
5.780608e-10
-9.716748e-10
1.085650e-09
1.031578e-09
8.262483e-10
1.027226e-09
-6.154064e-10
8.179535e-10
-1.040124e-09
-9.845233e-10
8.420269e-10
-9.689701e-10
1.167652e-09
-7.992994e-10
-7.694216e-10
1.263228e-09
8.311769e-10
-8.180165e-10
1.042415e-09
1.359388e-09
-8.789564e-10
-1.235013e-09
1.285399e-09
6.528016e-10
-9.660938e-10
8.045230e-10
-1.306436e-09
1.036772e-09
-1.139679e-09
-1.201773e-09
-9.738038e-10
8.758957e-10
1.068834e-09
7.504594e-10
9.897318e-10
-1.357209e-09
-5.597914e-10
9.894272e-10
1.153913e-09
1.083763e-09
8.200556e-10
9.338364e-10
8.905651e-10
-8.636976e-10
-1.062506e-09
-7.996876e-10
9.406812e-10
-9.085784e-10
-1.061282e-09
-1.095113e-09
1.117156e-09
-9.825327e-10
1.022286e-09
7.965243e-10
-1.180168e-09
-1.059689e-09
-1.078051e-09
1.187288e-09
-1.379027e-09
-1.268071e-09
8.884371e-10
-1.016727e-09
-1.072856e-09
-1.087837e-09
1.305665e-09
8.927274e-10
9.373200e-10
1.380079e-09
1.390220e-09
-8.682583e-10
-1.068936e-09
-1.086317e-09
-1.525134e-09
9.963088e-10
-8.808232e-10
7.517004e-10
7.933366e-10
9.063311e-10
-8.253118e-10
8.239791e-10
8.165331e-10
6.346471e-10
1.164728e-09
9.896754e-10
-9.603870e-10
8.738605e-10
-1.164462e-09
1.291759e-09
-1.007067e-09
-1.303120e-09
-1.117127e-09
1.181465e-09
1.271753e-09
-9.198504e-10
4.094369e-10
1.078197e-09
-1.011173e-09
9.043023e-10
-9.552060e-10
-1.117335e-09
9.518085e-10
-8.714984e-10
8.019410e-10
-9.909863e-10
-5.907354e-10
-1.133132e-09
9.014682e-10
-1.221580e-09
-8.217431e-10
-7.494973e-10
-1.023922e-09
-7.332491e-10
9.658728e-10
-6.472845e-10
1.221492e-09
7.478343e-10
-1.079336e-09
1.057970e-09
1.022273e-09
-9.915490e-10
-8.250141e-10
1.053316e-09
5.932885e-10
-9.674554e-10
-1.291514e-09
-1.175447e-09
-1.307206e-09
7.673316e-10
-9.354229e-10
9.706798e-10
-1.214817e-09
-1.112563e-09
1.011050e-09
-9.698630e-10
1.065966e-09
-1.131919e-09
1.017979e-09
1.088028e-09
-1.156956e-09
-1.023657e-09
-1.048341e-09
1.309376e-09
1.088347e-09
7.625452e-10
-1.247877e-09
-1.035697e-09
8.722833e-10
-6.403638e-10
-1.069747e-09
7.688511e-10
1.245066e-09
-8.098531e-10
6.355343e-10
-6.758613e-10
1.103711e-09
-1.022589e-09
-9.304242e-10
-1.161502e-09
-9.765907e-10
9.713846e-10
9.886304e-10
8.504425e-10
-5.733887e-10
1.037311e-09
-1.103170e-09
8.429958e-10
-1.370266e-09
-6.333993e-10
1.279633e-09
-8.877309e-10
8.924570e-10
8.722125e-10
8.840285e-10
1.054791e-09
1.085034e-09
-1.054279e-09
1.085400e-09
-9.311644e-10
1.059489e-09
-1.061715e-09
1.577415e-09
-1.172450e-09
-1.408541e-09
8.566033e-10
-1.158261e-09
1.005430e-09
1.057492e-09
7.913069e-10
1.129509e-09
6.310788e-10
-7.656731e-10
-1.056653e-09
-1.202417e-09
8.399851e-10
-8.158043e-10
1.115885e-09
1.190078e-09
1.353434e-09
-9.934382e-10
-1.301057e-09
-7.934609e-10
-1.208136e-09
1.179853e-09
7.599508e-10
-1.074598e-09
8.067417e-10
-1.288777e-09
1.074762e-09
-7.629267e-10
1.128310e-09
1.217055e-09
-9.794614e-10
1.185971e-09
8.345628e-10
-9.440753e-10
-6.299251e-10
-1.004954e-09
-7.482458e-10
1.039877e-09
1.030965e-09
-1.109915e-09
6.386151e-10
1.203446e-09
9.833714e-10
1.150833e-09
-5.792331e-10
-1.056324e-09
-1.587301e-09
-1.176899e-09
-9.878416e-10
8.052581e-10
1.134840e-09
-9.551621e-10
8.713991e-10
-1.122851e-09
6.366852e-10
1.184591e-09
-1.054049e-09
1.287165e-09
6.267183e-10
-1.202633e-09
5.426742e-10
-8.726311e-10
1.049521e-09
-6.262471e-10
-9.187776e-10
9.731131e-10
-1.246232e-09
-6.827227e-10
1.181283e-09
-5.591609e-10
-1.076381e-09
-1.272401e-09
-9.829431e-10
-9.602055e-10
9.895656e-10
-8.505343e-10
7.729602e-10
9.053196e-10
1.278616e-09
-1.015354e-09
-8.433799e-10
-8.824713e-10
1.078330e-09
-1.101084e-09
-1.144710e-09
7.899217e-10
-1.175795e-09
1.275694e-09
-1.137824e-09
1.145567e-09
8.771109e-10
9.827301e-10
9.679982e-10
-1.168194e-09
-9.625310e-10
7.011031e-10
1.022276e-09
-9.526653e-10
1.120414e-09
-7.726822e-10
8.720610e-10
7.563096e-10
1.212938e-09
-9.206855e-10
-7.859072e-10
-1.201232e-09
-1.014488e-09
1.066814e-09
-1.338088e-09
1.189726e-09
-9.636948e-10
-1.013496e-09
1.185909e-09
9.977461e-10
1.158911e-09
1.053827e-09
9.107782e-10
-9.601041e-10
-8.479214e-10
1.118407e-09
-6.030795e-10
9.195084e-10
8.065909e-10
-1.252582e-09
1.374499e-09
9.211476e-10
7.866935e-10
-9.053982e-10
-1.243269e-09
-1.037396e-09
1.088228e-09
-1.033715e-09
6.971303e-10
-9.807086e-10
-1.180166e-09
-9.052390e-10
-1.112866e-09
-9.570512e-10
1.289274e-09
1.240306e-09
-1.050808e-09
1.032144e-09
-1.233973e-09
7.967892e-10
-1.097448e-09
1.065387e-09
-1.125887e-09
-7.874463e-10
9.644071e-10
9.409686e-10
7.675613e-10
1.012123e-09
6.452288e-10
-9.872408e-10
1.179567e-09
-5.925178e-10
-1.017990e-09
-1.468260e-09
1.104387e-09
8.421910e-10
-1.248326e-09
1.212873e-09
1.001675e-09
-7.531964e-10
8.773160e-10
-1.141768e-09
1.100981e-09
-9.859927e-10
-7.702096e-10
-1.051688e-09
9.408831e-10
-1.511717e-09
9.510196e-10
-8.631862e-10
-1.103650e-09
1.189985e-09
-7.368876e-10
1.260822e-09
-8.747239e-10
-9.459524e-10
1.352701e-09
1.082864e-09
-9.322488e-10
9.859144e-10
-9.844649e-10
1.046317e-09
-7.128895e-10
-1.277262e-09
-9.797989e-10
-1.084725e-09
-1.065133e-09
-7.663408e-10
1.054001e-09
-1.093645e-09
1.283105e-09
-8.595793e-10
-1.008409e-09
1.129547e-09
-9.522512e-10
-1.041449e-09
1.127965e-09
9.098936e-10
1.152051e-09
-1.053850e-09
8.659242e-10
-1.302667e-09
6.021539e-10
-9.276991e-10
8.826585e-10
-1.059374e-09
-1.131173e-09
-7.092213e-10
1.110725e-09
9.338166e-10
1.032850e-09
7.636243e-10
-8.158150e-10
-7.466555e-10
-1.296964e-09
9.750673e-10
-1.015439e-09
1.172392e-09
1.078084e-09
9.274783e-10
1.144181e-09
7.738458e-10
-6.454543e-10
-1.245576e-09
-1.066020e-09
-1.164140e-09
1.228182e-09
9.927202e-10
1.341063e-09
-7.878273e-10
1.298947e-09
6.312437e-10
-1.216842e-09
-9.770805e-10
8.464208e-10
1.078134e-09
9.309446e-10
9.809831e-10
-1.029504e-09
6.703016e-10
-1.076628e-09
9.539559e-10
-7.283272e-10
9.019207e-10
8.918377e-10
9.462605e-10
1.122380e-09
-1.090542e-09
-7.315449e-10
-1.085511e-09
-6.070748e-10
-1.152059e-09
-7.677149e-10
1.100298e-09
9.810107e-10
1.229500e-09
9.889568e-10
-7.093193e-10
5.902906e-10
9.944941e-10
1.159706e-09
-1.140481e-09
-1.023622e-09
1.003917e-09
-9.539350e-10
7.931807e-10
-1.093539e-09
8.738303e-10
-7.823410e-10
5.800503e-10
7.643774e-10
-1.123118e-09
8.470463e-10
-9.192184e-10
-1.206506e-09
8.083389e-10
1.181830e-09
1.061710e-09
1.048418e-09
-9.365078e-10
-1.153689e-09
-1.193411e-09
1.122877e-09
-1.166026e-09
-1.315759e-09
9.855323e-10
-9.206384e-10
9.487747e-10
1.044231e-09
6.080387e-10
-9.230092e-10
-1.288283e-09
-1.159091e-09
1.173306e-09
-1.145964e-09
8.810369e-10
9.562601e-10
-8.068544e-10
1.123808e-09
8.328755e-10
1.149988e-09
1.041166e-09
6.378949e-10
-9.926197e-10
-5.893836e-10
7.252202e-10
-1.174907e-09
1.129442e-09
8.512457e-10
-9.395710e-10
-1.018747e-09
6.024821e-10
-7.498358e-10
9.015512e-10
1.014937e-09
-9.265906e-10
1.082850e-09
-9.752823e-10
-1.281822e-09
-7.464609e-10
-9.141269e-10
-1.070424e-09
1.278137e-09
1.025132e-09
-9.887834e-10
8.056482e-10
1.072727e-09
-1.070646e-09
-1.048738e-09
-1.047875e-09
1.013103e-09
1.020439e-09
9.636613e-10
-7.037849e-10
-8.193241e-10
-8.785251e-10
-7.237513e-10
-1.048384e-09
-1.193443e-09
9.275359e-10
-8.388441e-10
8.660805e-10
1.215116e-09
-1.103889e-09
-8.751761e-10
-7.699170e-10
6.021594e-10
8.555391e-10
-1.010604e-09
-1.059186e-09
-1.058552e-09
1.381444e-09
-1.063026e-09
-1.033075e-09
1.035598e-09
8.049905e-10
-8.196997e-10
-1.267330e-09
9.912566e-10
8.255563e-10
-8.329041e-10
9.594023e-10
1.248439e-09
6.514857e-10
9.805150e-10
-9.309230e-10
-1.091799e-09
-6.502922e-10
1.314670e-09
1.032850e-09
7.832884e-10
-1.062976e-09
1.256409e-09
1.021084e-09
-6.918961e-10
-9.053904e-10
-1.091627e-09
1.244977e-09
9.596333e-10
-7.290613e-10
8.664192e-10
-1.196997e-09
1.172845e-09
-9.144435e-10
1.622222e-09
-1.086196e-09
-1.204116e-09
7.511375e-10
-1.315539e-09
-7.997427e-10
-9.895852e-10
7.793804e-10
-1.115081e-09
-1.332577e-09
9.127978e-10
1.122182e-09
-1.049891e-09
1.203904e-09
1.264491e-09
-1.166241e-09
-1.029081e-09
1.218114e-09
-1.192036e-09
8.005066e-10
8.595652e-10
-7.251298e-10
8.626015e-10
-1.169398e-09
1.218174e-09
8.249580e-10
-9.066456e-10
1.255502e-09
1.160997e-09
-6.777120e-10
1.000563e-09
-7.829092e-10
9.953812e-10
1.059961e-09
-1.286772e-09
-1.349267e-09
-7.640523e-10
-8.937132e-10
-9.772879e-10
1.030255e-09
-1.311509e-09
-1.213377e-09
6.581596e-10
-8.962578e-10
7.800635e-10
-8.101605e-10
-9.882198e-10
-1.015401e-09
-1.150240e-09
8.956751e-10
-9.686730e-10
-8.630728e-10
-8.561196e-10
-9.462445e-10
-1.066966e-09
-9.695922e-10
1.404164e-09
1.095431e-09
-1.012215e-09
-8.868841e-10
-1.225509e-09
1.217162e-09
1.230427e-09
-1.145213e-09
-1.110316e-09
-1.098471e-09
9.794520e-10
-1.025098e-09
1.100259e-09
1.230560e-09
7.933041e-10
6.523189e-10
9.372107e-10
6.832522e-10
-9.225795e-10
-1.244251e-09
7.410553e-10
-1.343556e-09
-1.224538e-09
1.210669e-09
-9.371224e-10
-1.130428e-09
8.317728e-10
8.695981e-10
7.492643e-10
-8.151349e-10
-1.091177e-09
-1.171074e-09
1.489186e-09
1.075664e-09
8.189623e-10
1.076935e-09
9.676099e-10
5.314712e-10
8.579725e-10
1.158375e-09
1.236706e-09
9.175331e-10
-1.105552e-09
-1.304816e-09
1.282653e-09
-9.029107e-10
8.403492e-10
1.418891e-09
-8.449580e-10
-7.229491e-10
7.944398e-10
-1.373344e-09
-7.158190e-10
1.184522e-09
1.035883e-09
1.204036e-09
8.510378e-10
9.109082e-10
1.159124e-09
-1.064471e-09
-9.863446e-10
8.689587e-10
9.002035e-10
1.195050e-09
9.278011e-10
-1.004756e-09
-1.171633e-09
8.667658e-10
-1.117746e-09
-8.029954e-10
-8.842279e-10
-5.058982e-10
-9.092094e-10
1.015145e-09
-1.207125e-09
4.285470e-10
5.714805e-10
-1.141531e-09
1.092989e-09
9.309299e-10
6.386153e-10
-9.683305e-10
9.659519e-10
-8.143279e-10
-8.889293e-10
9.989160e-10
-1.330533e-09
7.398744e-10
1.112487e-09
-1.263291e-09
8.842083e-10
1.179102e-09
9.629861e-10
-1.106792e-09
1.248943e-09
-1.083530e-09
1.126339e-09
7.661412e-10
7.888998e-10
-8.423471e-10
1.036579e-09
-1.153479e-09
9.129467e-10
-6.205036e-10
-9.246169e-10
9.975441e-10
8.430283e-10
-1.021743e-09
1.210568e-09
8.261393e-10
1.075206e-09
-8.574349e-10
-1.029973e-09
9.963021e-10
1.526982e-09
1.354302e-09
-1.156764e-09
-1.077743e-09
-9.250619e-10
-1.298379e-09
7.563197e-10
-7.334186e-10
1.032418e-09
-1.169451e-09
-1.015001e-09
7.703092e-10
-9.712720e-10
-1.154402e-09
-1.256706e-09
1.121990e-09
9.965642e-10
1.019236e-09
-1.035232e-09
-1.302403e-09
1.249776e-09
8.759163e-10
-5.778225e-10
9.395643e-10
-1.186857e-09
1.103359e-09
6.626450e-10
8.187916e-10
1.001074e-09
9.456934e-10
1.032753e-09
1.296263e-09
-1.184550e-09
1.122260e-09
7.803007e-10
8.833636e-10
-8.421709e-10
9.540922e-10
9.078794e-10
8.922621e-10
1.212865e-09
-1.215936e-09
-9.193910e-10
-9.381683e-10
1.065362e-09
-1.018819e-09
-1.050203e-09
9.530627e-10
9.015620e-10
-1.141362e-09
-1.193185e-09
1.003432e-09
7.927663e-10
1.113902e-09
-1.101346e-09
-1.041435e-09
-1.034626e-09
-7.108802e-10
-7.522333e-10
-1.233385e-09
-1.169548e-09
8.264296e-10
8.386034e-10
8.368604e-10
8.216595e-10
8.917102e-10
-8.934955e-10
-8.046048e-10
1.025803e-09
7.851557e-10
-1.002873e-09
-1.207707e-09
-1.224222e-09
1.067025e-09
-9.574608e-10
9.655891e-10
6.760644e-10
-7.404310e-10
1.153980e-09
-7.754519e-10
5.824166e-10
1.334869e-09
6.655319e-10
-9.142532e-10
4.616283e-10
1.069002e-09
1.333905e-09
-9.271099e-10
-9.414831e-10
-8.746334e-10
9.525579e-10
-7.645776e-10
-1.067365e-09
8.959926e-10
8.512300e-10
7.537895e-10
-9.946646e-10
1.221925e-09
9.650731e-10
9.546960e-10
1.005025e-09
1.067613e-09
6.758316e-10
9.827485e-10
-1.030417e-09
-1.070498e-09
-1.128311e-09
-8.513208e-10
-1.316286e-09
1.115285e-09
8.247018e-10
-7.676901e-10
-1.064398e-09
-9.673944e-10
1.069032e-09
9.062987e-10
1.209552e-09
-9.613899e-10
-1.183855e-09
1.136497e-09
1.233505e-09
-1.231200e-09
1.148986e-09
9.695857e-10
1.026155e-09
9.860907e-10
1.559927e-09
9.525538e-10
1.225508e-09
8.455475e-10
6.118434e-10
1.287718e-09
9.604099e-10
5.149617e-10
-8.793741e-10
-9.359089e-10
1.636426e-09
1.210657e-09
-7.701045e-10
-7.663635e-10
7.415519e-10
-8.274043e-10
-1.066195e-09
-1.462941e-09
-9.606820e-10
1.199249e-09
7.764354e-10
-8.329592e-10
1.151036e-09
9.858558e-10
9.358444e-10
9.708165e-10
9.677951e-10
-8.179657e-10
9.227714e-10
7.846677e-10
1.176143e-09
-9.847182e-10
-7.470370e-10
9.747048e-10
-6.525021e-10
1.155432e-09
7.766792e-10
8.478591e-10
-1.157618e-09
-9.363291e-10
-9.597451e-10
-1.264405e-09
1.187106e-09
1.030841e-09
-8.610695e-10
-8.572499e-10
7.290099e-10
1.247878e-09
-8.107647e-10
1.498053e-09
1.045300e-09
1.083190e-09
-8.525051e-10
-1.444813e-09
-1.120304e-09
-8.884128e-10
6.986549e-10
1.019933e-09
-1.087567e-09
-9.219740e-10
-1.029819e-09
1.128528e-09
1.051480e-09
1.200067e-09
-1.054135e-09
-7.235170e-10
7.396871e-10
1.089324e-09
8.036473e-10
6.817141e-10
7.756071e-10
8.782312e-10
7.453013e-10
6.657211e-10
1.094563e-09
6.578242e-10
-1.261001e-09
-1.192863e-09
1.043927e-09
8.982535e-10
-1.252231e-09
1.032334e-09
-6.777987e-10
-1.263348e-09
-1.155485e-09
-9.714182e-10
-1.216326e-09
8.197659e-10
-1.065198e-09
-1.347130e-09
8.042358e-10
-1.448474e-09
9.483468e-10
-6.819171e-10
-1.047429e-09
1.288708e-09
6.401550e-10
7.619081e-10
-9.662127e-10
-7.115959e-10
9.805246e-10
-7.991369e-10
9.321670e-10
1.202228e-09
9.532820e-10
-7.875109e-10
7.446343e-10
1.380972e-09
-1.208685e-09
-1.016866e-09
-1.026551e-09
7.823598e-10
8.001864e-10
1.017698e-09
1.191067e-09
1.125632e-09
-1.219200e-09
-6.113437e-10
-1.215310e-09
-9.183180e-10
-8.983368e-10
-3.268127e-10
1.070104e-09
1.628297e-09
1.032388e-09
-1.218524e-09
-8.590728e-10
7.099689e-10
1.195820e-09
-9.683958e-10
1.084164e-09
-1.358581e-09
-1.274612e-09
-1.407611e-09
-1.034101e-09
1.039635e-09
-7.068098e-10
-8.757087e-10
-8.338307e-10
8.373792e-10
1.009708e-09
1.058681e-09
-1.164500e-09
5.860444e-10
-1.249779e-09
-1.157275e-09
-8.824468e-10
1.173952e-09
8.313349e-10
9.472135e-10
-7.112770e-10
1.051845e-09
-7.033610e-10
-8.526310e-10
5.395580e-10
1.053505e-09
-1.120902e-09
1.129182e-09
6.103163e-10
8.043739e-10
-1.070777e-09
-1.062127e-09
-7.044432e-10
-9.454924e-10
-7.988093e-10
7.746644e-10
1.077565e-09
-1.004756e-09
1.312394e-09
-1.043089e-09
1.108967e-09
-1.124247e-09
1.175478e-09
-1.345887e-09
1.176817e-09
-1.228797e-09
-5.823589e-10
-1.391598e-09
1.311755e-09
1.140418e-09
9.150810e-10
9.659594e-10
-1.085031e-09
9.022818e-10
-1.103942e-09
-1.130923e-09
-1.020054e-09
9.676901e-10
-1.053378e-09
7.309968e-10
-9.531218e-10
9.752753e-10
-9.387900e-10
-1.061150e-09
7.841660e-10
1.238307e-09
-7.637136e-10
-7.772698e-10
-1.092293e-09
9.592933e-10
-4.923886e-10
1.062872e-09
1.193509e-09
1.181503e-09
1.172499e-09
1.162533e-09
-1.089529e-09
7.797452e-10
-1.449709e-09
-9.050817e-10
1.278602e-09
-8.035814e-10
9.907323e-10
1.098344e-09
1.155321e-09
8.192002e-10
-1.194079e-09
9.935183e-10
-1.019437e-09
-1.206853e-09
-1.076754e-09
-9.234603e-10
6.555480e-10
-8.035504e-10
1.722861e-09
-1.025405e-09
-1.102187e-09
-8.957550e-10
1.015512e-09
1.079714e-09
-6.282666e-10
-1.157338e-09
-9.091880e-10
1.044032e-09
-1.015011e-09
-1.165109e-09
1.226294e-09
-8.902608e-10
-1.052854e-09
8.970085e-10
-9.098973e-10
1.013363e-09
7.837913e-10
-1.130218e-09
7.687590e-10
-8.054853e-10
1.251763e-09
-7.560751e-10
-1.225749e-09
9.060578e-10
-1.296345e-09
-9.305857e-10
-7.609113e-10
1.193841e-09
1.125820e-09
9.343757e-10
-1.315932e-09
-6.652419e-10
1.070389e-09
9.389754e-10
7.246484e-10
9.107194e-10
9.796408e-10
1.142083e-09
1.044292e-09
8.782894e-10
-9.325908e-10
1.034918e-09
-1.116339e-09
-8.634856e-10
1.175384e-09
7.858607e-10
-1.316341e-09
1.241982e-09
-6.491640e-10
-9.339800e-10
-8.774417e-10
-1.225622e-09
9.818516e-10
6.144523e-10
-9.430656e-10
-8.836765e-10
-1.076106e-09
-8.244571e-10
1.016404e-09
-1.149730e-09
1.122500e-09
-1.044793e-09
1.160129e-09
-8.001692e-10
-9.605521e-10
1.204222e-09
-8.207199e-10
-1.364444e-09
-1.227748e-09
-8.876977e-10
8.400998e-10
7.229289e-10
-9.094600e-10
-1.224281e-09
1.446649e-09
-1.064930e-09
1.306268e-09
-7.691998e-10
1.119158e-09
1.017400e-09
1.108556e-09
1.184117e-09
-1.060116e-09
-6.465768e-10
-1.025123e-09
1.033627e-09
9.444678e-10
-1.073928e-09
-1.302983e-09
8.456366e-10
-8.642669e-10
-1.229959e-09
1.295586e-09
7.833142e-10
-9.395296e-10
-1.056161e-09
1.465667e-09
-1.125914e-09
-1.176731e-09
-1.227356e-09
-1.036905e-09
-5.965593e-10
1.113946e-09
9.727535e-10
-9.224651e-10
1.240477e-09
6.704583e-10
-1.013523e-09
9.868389e-10
1.329918e-09
-1.020972e-09
1.202061e-09
9.307185e-10
-8.478998e-10
-8.702503e-10
9.698576e-10
6.592177e-10
-1.125024e-09
-9.393448e-10
-1.204857e-09
-1.230966e-09
6.628172e-10
-1.010386e-09
-6.166275e-10
7.361472e-10
-5.955042e-10
-1.118854e-09
-9.712311e-10
8.149567e-10
-8.956144e-10
-1.313400e-09
-1.225166e-09
-1.072495e-09
-8.820735e-10
-1.053690e-09
8.470850e-10
1.155607e-09
-1.076112e-09
-1.459521e-09
-1.090075e-09
-1.114738e-09
-7.745693e-10
-7.742545e-10
-1.374901e-09
-9.697314e-10
-8.773017e-10
-9.972928e-10
-9.536090e-10
-8.817031e-10
-9.772640e-10
-8.257681e-10
-1.380779e-09
-9.462102e-10
9.664398e-10
1.218738e-09
-1.341041e-09
8.452015e-10
-7.307284e-10
9.415024e-10
-6.325041e-10
1.148111e-09
-9.218157e-10
-8.732651e-10
1.060350e-09
-1.032572e-09
-1.314156e-09
-9.232217e-10
-1.206553e-09
9.323153e-10
-1.048630e-09
8.603675e-10
1.173450e-09
1.220375e-09
7.903192e-10
1.194040e-09
-1.183865e-09
9.671883e-10
-9.557739e-10
-1.044439e-09
-9.704274e-10
1.195045e-09
1.286821e-09
-1.360855e-09
-7.772362e-10
1.087542e-09
1.189033e-09
-1.487771e-09
-7.101863e-10
7.238056e-10
8.894740e-10
-7.968795e-10
-9.472224e-10
1.015336e-09
8.029958e-10
9.072105e-10
1.298696e-09
-8.799537e-10
-9.330370e-10
-1.148231e-09
1.171849e-09
1.211278e-09
1.107524e-09
-1.214086e-09
9.163361e-10
-1.326604e-09
9.369029e-10
-1.119349e-09
8.166324e-10
9.337895e-10
-1.263534e-09
9.109334e-10
8.471450e-10
1.035037e-09
-6.271886e-10
7.790805e-10
-9.507021e-10
-1.078978e-09
-1.168270e-09
9.431091e-10
-1.229052e-09
-1.239630e-09
-1.151792e-09
1.010639e-09
-1.083129e-09
1.065519e-09
7.235791e-10
-7.946395e-10
1.246037e-09
8.064116e-10
1.121101e-09
1.292141e-09
5.545735e-10
-8.895197e-10
1.405231e-09
-1.052629e-09
-1.305452e-09
-1.101099e-09
1.089983e-09
1.178699e-09
-1.112400e-09
1.133238e-09
-9.938811e-10
1.254817e-09
9.079522e-10
-1.312058e-09
9.652212e-10
8.715370e-10
1.212194e-09
6.316749e-10
-9.577349e-10
-1.238967e-09
-9.090930e-10
-1.000512e-09
-8.386746e-10
8.579675e-10
1.165269e-09
-1.092221e-09
-9.012806e-10
-1.051255e-09
-8.782925e-10
7.367518e-10
-1.236732e-09
9.815794e-10
-8.368210e-10
1.111439e-09
1.286978e-09
1.102839e-09
9.391407e-10
-1.210326e-09
1.084765e-09
-1.107169e-09
-9.833866e-10
-9.008407e-10
1.118347e-09
1.010387e-09
-1.000871e-09
-1.159846e-09
-1.056060e-09
9.982397e-10
-9.804873e-10
1.156527e-09
-1.312326e-09
-9.580163e-10
1.177661e-09
-1.383399e-09
-8.741762e-10
-7.570951e-10
-8.353913e-10
-1.057412e-09
9.700650e-10
8.879225e-10
-1.364034e-09
1.035790e-09
9.394421e-10
8.295323e-10
-9.300616e-10
-1.272917e-09
-1.029966e-09
-9.644268e-10
-5.514793e-10
-1.056047e-09
-6.942154e-10
9.668414e-10
-7.789749e-10
-6.921189e-10
1.056994e-09
7.751211e-10
1.647290e-09
-8.051242e-10
-8.961805e-10
-4.513082e-10
-9.100426e-10
-8.655447e-10
-5.671264e-10
3.722893e-10
-6.646185e-10
-9.304465e-10
7.158644e-10
-6.799893e-10
-8.682829e-10
1.062390e-09
-8.589188e-10
9.803091e-10
6.598799e-10
-9.503096e-10
-1.173275e-09
1.085856e-09
-1.049754e-09
-8.086252e-10
-8.772934e-10
-5.616039e-10
6.486848e-10
5.081450e-10
1.221017e-09
1.327901e-09
-1.105631e-09
-7.496959e-10
1.101410e-09
-6.412748e-10
1.221893e-09
-1.039169e-09
-1.075216e-09
-1.130809e-09
9.292766e-10
1.032779e-09
8.595928e-10
1.160924e-09
1.358155e-09
-7.054162e-10
9.899206e-10
-7.676459e-10
-1.115568e-09
1.029850e-09
9.938451e-10
9.957164e-10
-1.097060e-09
-1.139063e-09
-9.909379e-10
8.423375e-10
9.040508e-10
8.161754e-10
-1.049761e-09
1.186706e-09
9.078692e-10
1.038624e-09
1.013737e-09
1.119894e-09
-1.307973e-09
-1.223865e-09
9.741349e-10
1.257752e-09
1.278831e-09
8.604479e-10
1.083145e-09
1.021968e-09
1.045571e-09
1.356785e-09
-1.249776e-09
6.684713e-10
-7.782882e-10
9.096178e-10
-1.200082e-09
-1.082492e-09
1.108511e-09
-1.051322e-09
9.772562e-10
-7.423351e-10
-8.593787e-10
1.133927e-09
-1.134282e-09
-7.428224e-10
-7.630509e-10
-1.079811e-09
7.215766e-10
9.171557e-10
-9.149588e-10
9.045614e-10
6.376690e-10
-7.170903e-10
1.222635e-09
1.329472e-09
-1.361453e-09
9.160254e-10
8.699297e-10
1.099395e-09
9.853407e-10
8.113756e-10
-1.352248e-09
-1.079008e-09
9.953843e-10
-9.311616e-10
-9.884134e-10
-7.789473e-10
1.016884e-09
-1.063814e-09
7.814270e-10
1.224587e-09
1.225950e-09
-1.291993e-09
-9.267407e-10
-8.479049e-10
-7.789132e-10
1.166900e-09
-8.652505e-10
-1.031895e-09
8.510413e-10
-1.076395e-09
-9.896897e-10
-9.089149e-10
8.853968e-10
-9.660368e-10
-1.624963e-09
-6.368004e-10
-1.152751e-09
7.538120e-10
1.086408e-09
1.018681e-09
1.164335e-09
-1.175415e-09
9.528310e-10
-9.094750e-10
-1.234179e-09
-7.120818e-10
-7.924067e-10
9.887745e-10
9.335505e-10
-1.050205e-09
8.428941e-10
-8.156601e-10
1.369215e-09
-9.818224e-10
-1.008284e-09
-8.312973e-10
-1.077863e-09
-1.107559e-09
1.112675e-09
-7.855428e-10
1.357057e-09
-8.209042e-10
9.344850e-10
-8.679488e-10
-8.673660e-10
6.508201e-10
1.005646e-09
-1.061716e-09
-7.600227e-10
9.641915e-10
9.026866e-10
-8.684524e-10
9.416075e-10
1.286661e-09
1.088133e-09
9.542086e-10
9.714577e-10
1.236224e-09
7.391611e-10
-9.381398e-10
-1.339588e-09
-1.062245e-09
7.655841e-10
-9.085676e-10
-1.338142e-09
-1.359227e-09
-7.289199e-10
-1.164241e-09
8.655651e-10
8.267410e-10
1.039147e-09
-1.106256e-09
9.947593e-10
-1.154877e-09
-8.825700e-10
-1.088274e-09
9.112691e-10
-1.081885e-09
1.141431e-09
6.705862e-10
1.134506e-09
-1.006650e-09
1.036226e-09
1.090015e-09
8.160911e-10
1.283432e-09
1.264739e-09
1.131604e-09
7.944852e-10
8.319808e-10
-1.086416e-09
-8.750139e-10
1.210403e-09
-6.381031e-10
-7.106523e-10
-1.023379e-09
9.895020e-10
-1.071116e-09
1.083358e-09
1.365066e-09
-8.540505e-10
-7.543645e-10
1.079567e-09
1.370230e-09
8.156276e-10
-1.239958e-09
9.014456e-10
8.791747e-10
-6.274919e-10
6.871993e-10
-1.191159e-09
7.793131e-10
1.082384e-09
9.824526e-10
8.373389e-10
1.042423e-09
7.955465e-10
1.252804e-09
9.996694e-10
1.157893e-09
1.123112e-09
-1.433968e-09
-1.219754e-09
-8.400125e-10
-6.307133e-10
1.251339e-09
-1.040657e-09
1.108459e-09
-5.842585e-10
-8.569364e-10
-1.294701e-09
-1.198604e-09
1.166465e-09
1.021991e-09
9.290751e-10
-1.002676e-09
7.741494e-10
9.958887e-10
-1.096912e-09
1.504153e-09
-1.125986e-09
-9.160555e-10
-1.232761e-09
-1.062754e-09
-7.659079e-10
-1.139963e-09
-1.069163e-09
-8.539722e-10
-1.050600e-09
-9.863852e-10
-7.288061e-10
-1.247064e-09
1.160198e-09
-8.861237e-10
-8.841921e-10
-1.253647e-09
8.121855e-10
1.161545e-09
9.149773e-10
-1.095158e-09
6.695524e-10
1.005377e-09
-8.837773e-10
1.050913e-09
-7.404019e-10
-1.040713e-09
-1.127094e-09
-8.737801e-10
1.293200e-09
-9.697002e-10
1.214652e-09
-1.004443e-09
-1.071267e-09
8.865555e-10
-9.690974e-10
-8.688311e-10
-7.375245e-10
9.521959e-10
1.078396e-09
-1.373502e-09
-1.136303e-09
-6.010367e-10
-9.705082e-10
8.460704e-10
-1.072652e-09
-1.209592e-09
-9.287462e-10
9.827522e-10
-1.051444e-09
1.443234e-09
-7.111246e-10
-9.782693e-10
8.037809e-10
8.142024e-10
-1.048029e-09
-1.130614e-09
-1.045121e-09
-7.578603e-10
-1.150013e-09
9.640729e-10
-8.191052e-10
-1.152812e-09
9.146651e-10
-1.140898e-09
-1.023893e-09
9.730044e-10
9.771842e-10
-7.968222e-10
1.227305e-09
1.050680e-09
1.068364e-09
-1.178971e-09
8.680547e-10
1.068064e-09
-7.282219e-10
-1.071347e-09
-1.144995e-09
1.204590e-09
1.016989e-09
-1.254253e-09
-1.018674e-09
-1.081065e-09
7.961071e-10
-8.844233e-10
-1.243149e-09
-9.833601e-10
-8.186440e-10
-1.110602e-09
1.268335e-09
-1.267132e-09
1.101438e-09
-7.670429e-10
9.065636e-10
9.835670e-10
-9.359639e-10
-1.016362e-09
9.715719e-10
-9.927502e-10
-1.137832e-09
-9.990730e-10
6.532546e-10
1.235505e-09
-1.107175e-09
1.351316e-09
7.634341e-10
-9.274282e-10
-1.165166e-09
1.156920e-09
-1.115868e-09
-9.185606e-10
1.068235e-09
8.314692e-10
-8.715209e-10
-1.190092e-09
-9.322025e-10
-1.052814e-09
1.155471e-09
-7.631085e-10
-1.048172e-09
9.278523e-10
1.159913e-09
-1.009259e-09
-1.230929e-09
1.440183e-09
-7.286051e-10
-5.624496e-10
-1.018226e-09
9.278964e-10
8.919424e-10
-8.253756e-10
-1.173934e-09
1.136591e-09
9.902263e-10
-1.108184e-09
-9.956695e-10
-1.043432e-09
5.738205e-10
1.152950e-09
-1.159661e-09
-9.286909e-10
-8.166093e-10
9.875900e-10
-8.990548e-10
-1.397038e-09
-1.049316e-09
7.433762e-10
8.610265e-10
8.845940e-10
-4.881556e-10
7.785586e-10
-1.305949e-09
-1.224314e-09
1.320776e-09
7.901370e-10
1.262888e-09
1.259716e-09
-9.484294e-10
-1.037228e-09
-9.827704e-10
-1.229733e-09
-1.293596e-09
1.231391e-09
1.210155e-09
1.001535e-09
-1.030548e-09
9.508317e-10
-8.603252e-10
-7.501033e-10
-7.077960e-10
7.712356e-10
-7.475868e-10
1.127678e-09
1.130158e-09
-1.149033e-09
1.001443e-09
-7.390300e-10
9.427244e-10
1.454514e-09
-9.560955e-10
-8.568341e-10
7.092945e-10
1.239610e-09
9.637205e-10
8.188447e-10
1.049689e-09
-1.090822e-09
-8.358390e-10
-1.108152e-09
-7.693228e-10
9.792530e-10
-1.056729e-09
-5.967730e-10
8.526981e-10
8.846697e-10
8.881775e-10
1.105686e-09
-9.979113e-10
1.138213e-09
7.654017e-10
9.749143e-10
-1.268117e-09
7.054392e-10
-1.025231e-09
1.216668e-09
9.645599e-10
1.023235e-09
1.217635e-09
-1.029986e-09
1.334793e-09
-1.111994e-09
8.548381e-10
1.034228e-09
1.044972e-09
-8.946989e-10
5.794978e-10
8.585827e-10
-9.504947e-10
-6.260372e-10
1.223505e-09
-8.815158e-10
-9.046869e-10
-7.037089e-10
1.104697e-09
1.103218e-09
8.247624e-10
7.562233e-10
-1.182209e-09
8.869392e-10
-1.086843e-09
-1.209952e-09
1.124215e-09
-9.588112e-10
1.262903e-09
-5.687713e-10
9.107476e-10
-9.878756e-10
7.791306e-10
-8.734510e-10
1.119295e-09
-1.339118e-09
1.749087e-09
1.281477e-09
-1.460531e-09
-1.055581e-09
-8.672523e-10
1.072553e-09
1.012690e-09
-1.063198e-09
-1.058373e-09
1.092334e-09
-1.219577e-09
1.304574e-09
-6.895998e-10
1.728306e-09
1.066442e-09
-7.996446e-10
-8.353216e-10
1.067563e-09
-1.154554e-09
8.167857e-10
1.164924e-09
-1.157809e-09
-9.028276e-10
8.557824e-10
-9.731645e-10
1.210972e-09
-8.530705e-10
-9.740727e-10
1.044486e-09
1.025651e-09
1.063753e-09
-8.542042e-10
9.678847e-10
6.533943e-10
-8.994407e-10
1.221910e-09
8.069669e-10
9.808273e-10
-7.566508e-10
1.422437e-09
-1.244947e-09
7.334169e-10
8.952896e-10
-7.389202e-10
1.188926e-09
-9.465618e-10
-7.562364e-10
-9.634473e-10
-8.371255e-10
-8.332299e-10
1.025825e-09
-1.205358e-09
-6.700246e-10
-1.023850e-09
1.261941e-09
-1.205811e-09
1.055434e-09
-8.972875e-10
9.323858e-10
9.868601e-10
-1.261735e-09
-1.156565e-09
7.901107e-10
9.667475e-10
-1.257093e-09
1.048731e-09
-9.608074e-10
-6.394047e-10
-1.045442e-09
8.128895e-10
9.485238e-10
-1.136095e-09
8.942845e-10
-1.100387e-09
9.585039e-10
1.183818e-09
-8.123642e-10
7.001809e-10
-8.465636e-10
1.157716e-09
-8.178372e-10
9.778066e-10
1.112925e-09
1.187646e-09
-1.104661e-09
1.330247e-09
-1.310067e-09
1.235737e-09
-1.345659e-09
-6.783054e-10
-1.050174e-09
-1.004160e-09
5.985722e-10
1.250026e-09
1.558915e-09
-1.314870e-09
8.217321e-10
-1.093913e-09
-1.274398e-09
8.513906e-10
9.302832e-10
7.976718e-10
8.144383e-10
9.660477e-10
8.424312e-10
-9.796197e-10
-9.642153e-10
8.202594e-10
-8.644736e-10
-1.070467e-09
-9.307757e-10
1.203193e-09
1.201336e-09
9.197716e-10
-9.119884e-10
1.195373e-09
1.249626e-09
-1.059138e-09
-9.429964e-10
-8.351742e-10
8.458875e-10
9.523155e-10
-8.530630e-10
-8.191696e-10
-1.304963e-09
7.857789e-10
-8.657540e-10
1.161468e-09
1.282339e-09
-5.663864e-10
1.027564e-09
-8.579796e-10
-1.487476e-09
-7.820425e-10
-1.104282e-09
9.084435e-10
7.273804e-10
8.105280e-10
-8.398639e-10
1.046995e-09
-1.199457e-09
-9.259646e-10
-8.628599e-10
1.006519e-09
-1.030462e-09
-1.157721e-09
1.219010e-09
7.253701e-10
-1.286974e-09
-1.006973e-09
-9.753476e-10
1.050098e-09
-8.376383e-10
-1.171056e-09
1.181772e-09
-8.195290e-10
1.072360e-09
-8.883267e-10
1.008900e-09
-9.295878e-10
6.244154e-10
7.618581e-10
6.202822e-10
1.058467e-09
1.015100e-09
-7.541664e-10
-6.867419e-10
1.206925e-09
1.282434e-09
-9.575225e-10
8.169846e-10
-1.006681e-09
9.692203e-10
-1.062109e-09
-1.489871e-09
9.618265e-10
1.016332e-09
-8.946193e-10
1.117240e-09
-1.025067e-09
-1.277463e-09
-9.696349e-10
1.067384e-09
-1.167722e-09
9.185202e-10
9.967324e-10
1.249494e-09
-7.842328e-10
-9.131175e-10
8.249752e-10
1.051377e-09
1.158654e-09
-1.166945e-09
1.068577e-09
1.069683e-09
1.110846e-09
-6.461850e-10
1.553447e-09
-9.538260e-10
6.069871e-10
-1.098152e-09
-8.288004e-10
-1.161658e-09
1.075586e-09
-9.484269e-10
