# 粒子の直径リスト [m]
# 分布: normal (mean=0.001, std=0.0001, ratio=0.5)
# 粒子数: 3000
# 注意: 直径で指定（プログラム内で半径に変換）

2.298690e-03
2.057180e-03
1.972277e-03
2.047601e-03
1.836797e-03
2.307484e-03
1.900531e-03
2.055743e-03
2.118359e-03
2.079237e-03
2.079848e-03
2.020895e-03
1.962183e-03
1.928560e-03
1.846957e-03
2.003548e-03
2.534581e-03
1.686939e-03
2.030830e-03
2.358506e-03
2.293478e-03
1.622559e-03
1.783301e-03
1.841015e-03
1.916885e-03
1.915391e-03
1.784390e-03
1.989087e-03
1.843698e-03
1.872649e-03
2.024557e-03
1.808197e-03
2.111112e-03
2.286431e-03
2.072688e-03
1.946396e-03
2.005413e-03
1.821489e-03
1.718169e-03
2.010613e-03
1.933383e-03
2.083798e-03
1.853524e-03
2.040964e-03
2.135729e-03
2.438773e-03
1.805985e-03
2.107845e-03
1.885204e-03
1.887055e-03
1.827866e-03
2.260963e-03
1.840373e-03
1.481262e-03
2.065760e-03
2.025596e-03
1.810609e-03
2.068339e-03
1.935805e-03
1.940927e-03
2.361015e-03
1.884422e-03
1.682093e-03
2.501169e-03
1.843936e-03
2.118192e-03
1.869737e-03
2.026382e-03
2.087530e-03
2.149233e-03
1.652387e-03
1.710432e-03
2.093564e-03
1.956799e-03
2.514245e-03
2.023263e-03
1.617142e-03
2.035554e-03
2.014754e-03
2.074066e-03
2.181894e-03
2.143358e-03
1.944478e-03
1.887768e-03
1.812976e-03
2.319288e-03
2.145201e-03
1.868749e-03
2.170262e-03
2.166299e-03
1.767098e-03
1.653765e-03
2.087039e-03
2.694158e-03
1.936173e-03
1.866082e-03
2.405465e-03
1.595240e-03
2.043701e-03
2.337844e-03
2.199990e-03
1.840584e-03
2.093129e-03
1.953551e-03
2.120786e-03
1.862689e-03
2.063407e-03
2.241082e-03
2.071555e-03
2.065210e-03
1.791967e-03
1.931107e-03
1.939555e-03
1.963520e-03
2.006193e-03
1.988818e-03
1.941514e-03
2.029208e-03
1.771845e-03
1.905146e-03
2.053372e-03
1.946890e-03
1.802392e-03
1.715964e-03
2.107985e-03
1.875402e-03
2.051716e-03
2.091660e-03
1.781630e-03
1.681987e-03
1.660666e-03
2.239338e-03
2.138795e-03
2.070555e-03
2.183408e-03
1.758521e-03
2.148573e-03
1.692096e-03
2.112952e-03
1.771249e-03
1.954110e-03
1.846744e-03
1.969544e-03
2.049879e-03
1.880254e-03
1.844002e-03
1.687311e-03
1.942691e-03
2.092655e-03
1.965160e-03
1.923640e-03
2.452302e-03
1.879506e-03
2.106776e-03
1.828745e-03
1.894769e-03
1.949760e-03
1.744731e-03
1.828971e-03
2.091179e-03
1.473737e-03
2.199112e-03
1.884538e-03
2.102393e-03
2.480852e-03
2.306139e-03
1.910331e-03
1.949310e-03
2.126332e-03
1.709443e-03
2.229702e-03
2.050053e-03
1.912982e-03
1.708358e-03
2.273646e-03
1.657528e-03
2.189078e-03
1.812335e-03
1.841228e-03
1.807553e-03
1.911597e-03
1.700284e-03
1.981123e-03
2.250648e-03
1.877810e-03
1.873345e-03
2.161888e-03
2.302338e-03
1.956151e-03
1.925832e-03
2.082490e-03
2.049223e-03
2.044186e-03
2.270170e-03
1.881296e-03
2.190183e-03
1.893727e-03
1.891032e-03
2.058758e-03
2.012499e-03
1.908188e-03
2.481917e-03
2.451079e-03
2.105971e-03
2.300128e-03
1.670343e-03
1.650102e-03
1.872926e-03
1.845041e-03
2.491892e-03
2.148681e-03
2.329260e-03
2.107331e-03
1.554443e-03
2.166615e-03
2.080852e-03
2.255515e-03
2.066382e-03
1.860946e-03
1.664087e-03
2.024609e-03
2.328649e-03
1.768027e-03
2.080651e-03
2.263969e-03
1.986691e-03
2.269722e-03
1.903977e-03
2.105016e-03
2.102109e-03
2.301706e-03
2.142541e-03
1.742376e-03
2.138578e-03
1.893702e-03
1.702172e-03
1.983753e-03
2.107742e-03
1.832183e-03
2.200046e-03
2.159967e-03
1.943638e-03
2.053927e-03
1.990529e-03
2.176008e-03
2.245839e-03
1.960894e-03
1.738366e-03
2.128133e-03
2.092290e-03
1.820510e-03
1.750062e-03
1.902465e-03
2.053871e-03
2.052808e-03
1.948984e-03
2.077597e-03
2.005378e-03
1.923077e-03
2.044343e-03
2.091531e-03
2.017481e-03
2.035585e-03
1.952714e-03
2.303450e-03
2.140188e-03
1.809950e-03
2.286839e-03
2.034892e-03
1.785737e-03
1.984163e-03
1.865857e-03
2.177733e-03
1.856932e-03
1.833102e-03
1.774501e-03
1.947333e-03
1.989939e-03
1.774506e-03
2.090598e-03
1.818711e-03
1.939656e-03
1.721879e-03
2.081915e-03
1.852767e-03
1.989167e-03
1.867900e-03
2.019275e-03
2.168632e-03
1.745487e-03
1.827048e-03
1.923702e-03
2.053936e-03
2.098963e-03
2.006852e-03
1.897602e-03
1.883790e-03
1.991445e-03
2.069834e-03
2.298899e-03
1.769616e-03
2.231334e-03
1.989210e-03
2.054782e-03
2.224837e-03
1.534242e-03
2.232799e-03
1.852912e-03
2.216561e-03
1.974171e-03
1.970996e-03
2.095404e-03
1.961370e-03
1.974457e-03
2.255328e-03
1.693048e-03
1.635539e-03
1.902031e-03
2.097772e-03
2.045681e-03
2.325738e-03
2.005166e-03
1.870203e-03
1.682110e-03
2.095751e-03
1.922461e-03
2.251363e-03
1.976879e-03
2.173989e-03
2.060768e-03
1.909196e-03
2.099764e-03
2.004071e-03
1.916120e-03
1.964107e-03
2.232533e-03
2.086752e-03
1.850787e-03
1.776125e-03
1.717692e-03
1.945655e-03
2.097197e-03
1.975528e-03
1.924614e-03
1.985654e-03
1.879065e-03
1.770834e-03
2.120839e-03
2.007903e-03
1.965445e-03
1.956315e-03
1.988896e-03
1.888852e-03
2.329239e-03
1.783702e-03
2.046529e-03
2.011557e-03
2.223575e-03
2.118477e-03
1.843174e-03
1.861393e-03
1.739017e-03
2.034419e-03
2.047506e-03
2.034309e-03
2.015655e-03
1.873608e-03
1.793476e-03
1.654932e-03
2.174645e-03
2.144606e-03
1.690052e-03
1.869384e-03
2.095475e-03
1.953358e-03
2.090422e-03
1.762631e-03
1.864777e-03
2.162444e-03
2.212064e-03
1.844484e-03
2.043186e-03
2.038217e-03
2.022283e-03
1.944431e-03
1.899585e-03
1.981111e-03
1.827308e-03
2.072222e-03
1.950054e-03
2.139503e-03
2.167550e-03
1.990384e-03
1.810448e-03
1.804421e-03
1.769258e-03
2.041783e-03
2.314976e-03
1.786908e-03
1.822368e-03
1.889409e-03
2.009235e-03
1.560018e-03
1.765144e-03
1.870484e-03
1.911470e-03
2.183471e-03
2.414782e-03
2.182065e-03
1.724528e-03
1.904747e-03
2.069314e-03
1.767285e-03
2.233383e-03
2.198939e-03
1.849206e-03
2.110911e-03
2.093925e-03
1.988863e-03
2.116519e-03
2.004566e-03
1.963462e-03
1.964202e-03
2.024156e-03
2.593088e-03
2.163995e-03
1.440520e-03
2.296736e-03
2.099276e-03
1.918663e-03
1.927674e-03
2.099062e-03
1.743817e-03
2.020338e-03
2.124169e-03
2.199155e-03
2.007511e-03
2.042279e-03
2.117940e-03
2.255147e-03
1.609018e-03
2.058442e-03
1.739890e-03
2.184624e-03
2.384231e-03
1.816850e-03
1.802578e-03
2.179093e-03
1.974228e-03
2.315618e-03
2.044075e-03
1.932756e-03
1.819118e-03
2.037778e-03
2.127282e-03
2.202411e-03
1.864800e-03
2.052864e-03
1.901228e-03
2.093967e-03
1.706205e-03
2.113103e-03
2.096635e-03
2.058562e-03
1.998151e-03
1.813028e-03
1.973601e-03
1.815928e-03
1.681788e-03
2.105029e-03
2.123859e-03
2.165914e-03
1.848198e-03
1.720354e-03
1.750161e-03
2.241331e-03
2.166524e-03
2.021425e-03
2.357991e-03
2.147326e-03
1.764555e-03
2.157376e-03
2.144141e-03
1.886438e-03
2.092383e-03
1.621686e-03
1.534084e-03
2.217322e-03
1.989895e-03
1.853083e-03
2.335706e-03
2.037197e-03
2.146556e-03
1.723129e-03
1.707091e-03
1.518447e-03
1.894782e-03
1.788861e-03
2.039086e-03
1.780377e-03
1.986669e-03
1.806307e-03
1.689319e-03
2.179785e-03
2.224942e-03
2.052680e-03
2.283090e-03
2.206488e-03
1.792771e-03
2.002391e-03
2.316712e-03
2.119102e-03
2.111511e-03
1.978391e-03
1.979560e-03
1.901866e-03
1.269955e-03
2.025246e-03
1.811506e-03
1.881993e-03
2.051371e-03
2.191520e-03
2.029427e-03
1.844499e-03
1.568374e-03
2.345256e-03
2.129177e-03
1.990991e-03
1.974064e-03
2.002299e-03
1.877989e-03
2.055382e-03
1.919704e-03
2.266264e-03
1.896067e-03
2.202181e-03
2.035144e-03
1.777521e-03
2.107128e-03
1.908102e-03
2.355544e-03
1.958063e-03
1.713928e-03
2.069810e-03
2.063852e-03
1.911174e-03
2.103889e-03
1.730734e-03
2.266621e-03
2.034371e-03
1.970048e-03
2.076184e-03
1.600153e-03
1.830872e-03
2.094297e-03
2.145264e-03
2.110643e-03
1.938619e-03
1.975616e-03
1.866539e-03
1.828677e-03
2.027849e-03
1.994481e-03
1.494509e-03
2.043813e-03
2.113526e-03
2.044350e-03
1.695356e-03
2.158029e-03
2.143387e-03
2.137947e-03
1.925310e-03
1.834450e-03
2.130359e-03
1.815348e-03
1.870626e-03
1.867864e-03
2.236761e-03
1.729660e-03
1.536442e-03
2.106677e-03
2.170371e-03
1.955118e-03
2.327036e-03
2.000728e-03
2.202970e-03
2.136709e-03
2.020246e-03
2.148375e-03
2.120554e-03
1.572542e-03
1.854825e-03
2.010204e-03
1.804341e-03
1.956407e-03
1.961140e-03
2.198865e-03
2.079059e-03
1.947236e-03
1.985839e-03
1.856647e-03
1.940949e-03
2.053904e-03
1.904422e-03
1.996536e-03
1.688815e-03
1.877276e-03
1.595109e-03
1.913765e-03
1.628547e-03
1.709455e-03
2.335218e-03
1.540670e-03
2.115610e-03
1.694990e-03
1.940561e-03
1.825246e-03
2.185009e-03
1.960536e-03
2.136513e-03
1.819264e-03
1.801399e-03
1.611277e-03
2.003732e-03
1.898286e-03
1.752232e-03
1.961883e-03
1.994124e-03
1.948404e-03
2.308158e-03
2.002477e-03
1.971245e-03
2.264255e-03
1.827283e-03
2.159337e-03
1.763733e-03
2.065503e-03
1.832198e-03
2.297890e-03
1.944941e-03
2.169627e-03
1.856696e-03
1.682366e-03
2.223306e-03
1.682526e-03
2.202113e-03
2.445265e-03
2.183265e-03
1.776648e-03
2.069086e-03
1.937999e-03
2.148771e-03
1.977522e-03
2.121085e-03
1.993629e-03
2.046493e-03
2.481608e-03
1.961727e-03
1.886824e-03
2.137286e-03
1.893449e-03
2.333828e-03
2.117711e-03
1.965868e-03
2.263830e-03
2.132443e-03
1.843372e-03
2.200098e-03
1.827480e-03
2.074530e-03
2.086034e-03
1.795355e-03
1.792055e-03
2.029218e-03
2.175450e-03
2.141002e-03
1.937598e-03
2.129501e-03
2.046560e-03
1.899610e-03
1.900563e-03
2.519455e-03
2.125323e-03
2.176714e-03
1.990704e-03
1.951035e-03
2.382257e-03
1.670712e-03
1.988224e-03
2.208886e-03
2.248994e-03
2.237147e-03
1.823387e-03
2.159312e-03
2.194180e-03
1.997353e-03
2.361158e-03
1.757564e-03
1.854774e-03
1.956658e-03
1.985359e-03
1.988601e-03
2.103737e-03
2.085561e-03
1.716460e-03
1.833325e-03
2.319533e-03
2.049958e-03
2.092403e-03
2.014330e-03
2.195681e-03
2.081044e-03
1.869061e-03
1.964128e-03
1.548986e-03
2.047404e-03
2.007593e-03
2.004184e-03
2.143169e-03
2.185482e-03
2.196933e-03
2.154159e-03
2.084188e-03
2.127468e-03
1.730875e-03
2.082938e-03
1.751598e-03
1.969307e-03
2.094349e-03
1.956618e-03
1.868579e-03
2.133551e-03
1.982704e-03
2.114204e-03
2.392714e-03
1.717374e-03
2.059318e-03
1.974256e-03
1.866630e-03
1.810639e-03
1.873276e-03
1.983324e-03
2.053814e-03
2.174133e-03
1.889732e-03
1.988021e-03
2.029604e-03
2.486398e-03
2.272126e-03
1.897304e-03
2.003823e-03
2.457991e-03
2.021415e-03
2.303756e-03
1.542889e-03
2.313120e-03
2.026818e-03
1.911433e-03
1.695615e-03
2.300636e-03
1.993472e-03
1.953698e-03
2.077287e-03
1.936864e-03
2.183616e-03
1.761080e-03
1.944773e-03
1.854344e-03
2.217810e-03
2.217479e-03
2.028898e-03
2.041487e-03
1.771796e-03
2.013957e-03
1.880296e-03
1.860598e-03
1.864075e-03
2.361003e-03
2.163614e-03
1.931797e-03
2.071574e-03
2.000328e-03
2.291057e-03
1.966314e-03
1.805076e-03
1.828639e-03
2.271056e-03
2.120029e-03
1.727543e-03
2.052327e-03
1.827291e-03
2.142814e-03
2.425383e-03
2.157352e-03
2.487787e-03
1.707004e-03
2.549140e-03
2.186718e-03
2.190272e-03
2.232534e-03
2.261662e-03
2.179756e-03
1.913252e-03
1.985455e-03
2.158085e-03
1.846032e-03
2.028742e-03
2.103010e-03
1.982526e-03
2.125345e-03
1.643253e-03
2.004363e-03
1.916140e-03
2.125407e-03
1.988119e-03
1.924817e-03
2.004833e-03
1.852593e-03
1.811900e-03
1.870979e-03
2.166042e-03
2.304122e-03
2.060835e-03
1.885629e-03
1.714127e-03
1.930266e-03
2.123430e-03
1.680452e-03
1.732449e-03
2.010577e-03
1.898466e-03
2.037007e-03
2.172940e-03
1.851586e-03
1.924932e-03
2.018283e-03
1.905707e-03
1.769578e-03
2.103625e-03
1.944681e-03
2.101099e-03
2.247708e-03
1.944374e-03
1.719794e-03
2.268472e-03
2.190273e-03
2.128800e-03
2.002462e-03
2.039672e-03
1.897734e-03
1.834671e-03
2.109024e-03
1.935923e-03
2.248449e-03
1.929334e-03
1.993448e-03
1.469456e-03
1.693437e-03
1.675941e-03
1.949154e-03
1.974105e-03
1.902623e-03
2.451969e-03
1.965839e-03
2.109519e-03
2.166096e-03
1.747718e-03
2.196482e-03
1.850416e-03
2.309731e-03
2.022782e-03
2.195983e-03
1.638153e-03
1.885018e-03
2.046341e-03
1.907477e-03
1.680953e-03
1.781571e-03
2.129802e-03
2.024484e-03
2.094080e-03
2.018040e-03
2.082813e-03
2.069550e-03
1.963629e-03
2.025781e-03
2.062872e-03
1.876462e-03
2.043704e-03
2.005488e-03
1.888823e-03
1.722138e-03
2.094635e-03
1.916255e-03
2.369177e-03
1.676469e-03
2.050174e-03
2.192034e-03
1.828147e-03
2.203700e-03
2.207640e-03
1.671191e-03
2.025829e-03
1.875880e-03
2.205140e-03
1.962522e-03
1.943479e-03
1.822558e-03
2.259992e-03
2.199738e-03
2.302240e-03
1.885080e-03
2.007538e-03
1.957702e-03
2.249659e-03
1.832914e-03
1.545003e-03
1.892434e-03
2.464322e-03
2.135707e-03
1.738824e-03
1.738813e-03
2.023899e-03
2.044622e-03
1.889609e-03
1.826330e-03
1.984878e-03
1.950385e-03
2.062798e-03
2.170553e-03
1.752491e-03
2.054996e-03
1.972415e-03
1.891411e-03
1.906767e-03
1.767922e-03
2.234380e-03
2.005340e-03
2.319175e-03
1.980634e-03
1.953346e-03
1.861147e-03
1.942377e-03
1.974839e-03
2.115264e-03
1.689342e-03
1.881238e-03
1.993955e-03
1.929719e-03
2.083885e-03
1.600579e-03
2.073631e-03
1.889654e-03
1.956205e-03
1.980924e-03
1.964045e-03
2.207110e-03
2.185186e-03
2.129634e-03
1.960735e-03
2.017788e-03
2.040834e-03
2.000682e-03
1.932189e-03
1.693854e-03
1.972211e-03
1.995747e-03
1.746294e-03
2.040311e-03
2.134208e-03
1.968371e-03
1.439722e-03
2.314705e-03
2.189438e-03
1.703646e-03
1.943792e-03
2.212763e-03
2.163796e-03
1.996825e-03
2.261795e-03
1.760689e-03
1.841717e-03
1.728069e-03
1.822804e-03
2.172042e-03
1.726116e-03
2.259937e-03
2.039921e-03
2.186294e-03
2.009913e-03
1.866019e-03
2.164661e-03
1.948564e-03
2.225914e-03
1.893196e-03
1.925184e-03
2.071636e-03
1.962001e-03
2.059595e-03
1.641255e-03
1.753893e-03
1.829509e-03
2.300429e-03
1.800009e-03
1.915016e-03
2.139286e-03
2.166065e-03
2.115626e-03
2.129335e-03
2.033177e-03
2.191045e-03
2.121474e-03
2.420826e-03
2.209293e-03
1.981702e-03
2.449375e-03
1.896382e-03
1.885724e-03
2.172298e-03
1.699996e-03
2.258946e-03
2.050444e-03
2.053023e-03
2.182717e-03
1.945752e-03
2.115592e-03
1.992881e-03
1.890550e-03
1.674593e-03
1.884519e-03
2.002779e-03
1.717318e-03
1.873321e-03
1.649533e-03
2.537187e-03
2.055766e-03
1.763511e-03
1.665437e-03
1.811053e-03
2.309821e-03
1.973886e-03
2.147348e-03
2.196085e-03
1.779368e-03
1.760319e-03
1.849385e-03
1.876617e-03
2.023790e-03
2.457247e-03
1.962892e-03
1.968936e-03
1.962803e-03
1.969792e-03
2.108327e-03
2.098015e-03
2.477332e-03
1.875185e-03
1.800595e-03
1.917306e-03
2.165994e-03
2.162197e-03
2.122856e-03
2.279233e-03
2.147025e-03
2.160857e-03
1.905949e-03
1.665457e-03
1.838823e-03
1.725988e-03
2.135122e-03
2.169913e-03
1.996643e-03
2.010470e-03
1.974743e-03
1.873263e-03
1.496557e-03
1.974921e-03
1.852639e-03
1.958227e-03
2.063315e-03
2.054732e-03
2.064498e-03
2.048132e-03
1.974817e-03
2.096856e-03
2.410963e-03
2.177088e-03
1.811814e-03
2.040131e-03
1.880222e-03
1.600595e-03
2.034144e-03
2.058870e-03
2.082727e-03
1.668557e-03
2.184008e-03
1.857228e-03
2.319046e-03
2.426292e-03
1.833830e-03
1.703116e-03
1.998632e-03
2.014597e-03
1.973580e-03
1.901815e-03
1.888854e-03
2.051648e-03
1.733310e-03
2.137863e-03
1.963898e-03
1.952800e-03
1.753841e-03
2.267829e-03
1.942828e-03
1.984348e-03
1.782633e-03
1.865893e-03
2.035083e-03
2.027644e-03
2.051100e-03
2.004233e-03
2.156484e-03
1.705944e-03
2.210336e-03
2.001761e-03
1.881115e-03
2.157087e-03
1.930041e-03
1.883133e-03
1.903970e-03
2.240263e-03
2.004348e-03
1.861884e-03
1.733590e-03
2.199138e-03
1.874526e-03
2.050258e-03
1.923474e-03
1.987700e-03
2.090466e-03
1.861808e-03
2.092277e-03
1.412315e-03
1.779935e-03
1.489599e-03
1.503613e-03
1.924663e-03
1.725113e-03
2.105745e-03
2.398802e-03
1.913625e-03
1.913703e-03
1.921187e-03
1.864711e-03
1.855203e-03
1.844334e-03
1.690068e-03
1.836423e-03
2.055527e-03
2.068202e-03
1.957091e-03
2.125697e-03
2.059284e-03
1.751809e-03
1.924710e-03
1.912656e-03
2.103988e-03
2.233931e-03
1.832728e-03
1.739135e-03
1.663588e-03
2.024759e-03
1.997986e-03
2.079070e-03
2.132340e-03
2.338891e-03
1.991061e-03
2.037348e-03
1.565440e-03
2.526658e-03
2.073157e-03
1.864870e-03
2.371689e-03
1.939109e-03
2.245767e-03
2.221089e-03
1.951040e-03
1.994911e-03
2.045627e-03
1.803423e-03
2.052130e-03
1.998677e-03
1.742006e-03
2.132145e-03
2.144751e-03
1.674823e-03
1.651271e-03
1.935371e-03
2.274286e-03
1.909376e-03
1.847547e-03
2.041095e-03
1.913814e-03
2.045732e-03
2.215645e-03
2.245860e-03
1.999788e-03
1.734016e-03
1.813462e-03
2.047212e-03
1.816635e-03
1.997761e-03
2.095790e-03
1.950621e-03
2.194413e-03
2.544240e-03
1.917015e-03
2.073092e-03
2.296492e-03
1.998493e-03
1.921250e-03
2.012418e-03
2.135998e-03
1.845235e-03
2.112424e-03
2.244232e-03
2.028119e-03
2.001814e-03
2.363143e-03
1.715653e-03
2.218504e-03
1.597534e-03
1.784616e-03
2.090454e-03
2.037978e-03
1.768858e-03
1.977261e-03
1.716895e-03
1.460365e-03
1.775951e-03
1.947133e-03
1.869899e-03
2.202368e-03
1.882795e-03
2.316525e-03
2.249420e-03
2.000671e-03
1.960274e-03
1.914293e-03
1.795242e-03
1.963728e-03
2.354450e-03
1.981644e-03
1.905658e-03
2.384356e-03
2.230494e-03
2.080762e-03
2.019348e-03
1.739874e-03
1.873821e-03
1.941012e-03
2.293835e-03
2.240728e-03
1.976611e-03
1.970716e-03
2.243336e-03
2.166055e-03
2.191241e-03
1.864894e-03
1.888615e-03
1.670857e-03
2.175682e-03
2.344584e-03
1.948520e-03
2.276313e-03
2.159342e-03
1.952528e-03
1.970797e-03
1.836585e-03
2.116513e-03
1.939307e-03
2.240783e-03
2.038753e-03
1.831898e-03
1.806035e-03
2.342957e-03
1.756544e-03
1.863470e-03
1.880398e-03
2.037006e-03
2.102794e-03
1.883512e-03
2.402145e-03
1.746838e-03
1.966419e-03
2.134696e-03
1.721877e-03
2.091834e-03
1.957294e-03
1.890587e-03
1.705752e-03
1.746221e-03
2.196776e-03
1.975953e-03
2.128877e-03
2.123424e-03
2.079156e-03
1.926640e-03
2.108813e-03
1.919161e-03
2.160054e-03
2.184767e-03
1.695826e-03
2.081671e-03
2.084320e-03
2.263052e-03
2.010485e-03
1.992399e-03
1.722585e-03
2.190400e-03
1.623722e-03
2.019834e-03
1.849901e-03
1.980887e-03
2.086162e-03
2.007443e-03
1.825598e-03
1.935106e-03
1.948293e-03
1.867671e-03
1.716987e-03
1.718181e-03
1.935666e-03
1.963497e-03
2.253164e-03
2.140590e-03
1.860886e-03
2.133351e-03
1.906279e-03
2.060520e-03
2.218122e-03
2.314964e-03
1.805174e-03
2.241524e-03
2.017546e-03
2.276719e-03
2.353848e-03
2.080859e-03
2.180614e-03
2.703129e-03
2.236042e-03
1.639746e-03
2.020625e-03
1.893285e-03
2.198804e-03
2.223219e-03
2.072094e-03
2.197597e-03
2.005813e-03
1.738161e-03
2.110229e-03
1.839082e-03
1.946507e-03
1.977269e-03
2.170062e-03
1.373983e-03
2.074260e-03
1.867815e-03
1.979676e-03
2.042774e-03
2.277311e-03
2.065355e-03
1.901855e-03
1.985541e-03
2.103146e-03
1.968553e-03
1.925248e-03
2.187980e-03
1.885034e-03
1.776530e-03
1.781932e-03
1.699416e-03
2.046009e-03
2.040852e-03
1.886462e-03
2.370441e-03
2.190332e-03
2.253758e-03
1.836910e-03
1.937525e-03
2.183255e-03
2.160159e-03
2.090750e-03
2.254461e-03
2.275172e-03
1.876131e-03
1.796826e-03
2.117408e-03
1.724654e-03
1.645738e-03
1.833898e-03
2.417423e-03
2.072207e-03
2.069588e-03
1.896105e-03
1.774632e-03
1.803294e-03
1.905929e-03
1.819770e-03
2.046096e-03
1.778100e-03
1.945275e-03
2.199298e-03
1.682292e-03
2.019854e-03
1.542094e-03
1.795621e-03
1.812566e-03
2.564375e-03
2.304283e-03
1.858712e-03
2.013051e-03
1.977316e-03
1.844623e-03
2.066521e-03
1.651408e-03
1.777372e-03
1.914713e-03
2.138636e-03
1.746192e-03
1.921650e-03
2.102735e-03
2.091195e-03
2.201495e-03
2.127900e-03
1.960294e-03
2.412488e-03
1.866128e-03
1.718753e-03
2.284899e-03
2.000339e-03
2.111708e-03
1.663961e-03
2.002420e-03
2.026220e-03
1.557090e-03
2.123658e-03
1.948916e-03
2.087588e-03
2.116027e-03
1.746170e-03
2.032161e-03
1.976853e-03
2.124955e-03
2.128110e-03
1.877588e-03
1.907014e-03
1.987895e-03
2.483181e-03
1.647047e-03
2.113756e-03
1.823962e-03
1.941766e-03
1.892727e-03
1.949348e-03
1.560085e-03
2.039370e-03
2.105850e-03
2.306537e-03
1.931410e-03
2.377246e-03
1.923564e-03
2.058425e-03
2.140220e-03
2.004318e-03
2.086348e-03
1.980362e-03
2.349037e-03
2.009020e-03
1.775908e-03
1.998261e-03
1.733944e-03
2.031275e-03
1.690849e-03
2.289058e-03
2.067960e-03
2.106446e-03
2.147911e-03
1.602666e-03
1.766327e-03
1.980574e-03
2.351306e-03
2.023286e-03
2.257521e-03
1.835489e-03
1.873842e-03
2.714106e-03
1.848496e-03
1.627970e-03
2.029642e-03
2.199357e-03
2.001895e-03
2.228110e-03
2.189534e-03
2.357013e-03
1.635010e-03
2.044224e-03
2.278823e-03
1.997979e-03
1.904902e-03
2.059127e-03
2.190107e-03
1.766831e-03
1.762114e-03
2.052091e-03
2.150913e-03
1.948589e-03
2.095165e-03
1.707071e-03
2.247125e-03
2.486582e-03
2.017610e-03
1.992700e-03
2.170849e-03
1.573821e-03
2.081693e-03
1.750701e-03
2.288020e-03
1.824868e-03
1.993536e-03
1.890359e-03
2.263523e-03
1.968711e-03
1.938466e-03
1.953092e-03
2.024406e-03
1.937011e-03
1.892047e-03
1.956298e-03
1.877009e-03
1.785900e-03
1.964834e-03
1.694380e-03
2.124833e-03
1.841524e-03
1.967553e-03
1.863096e-03
1.767786e-03
2.181453e-03
1.846073e-03
1.864739e-03
1.914601e-03
2.116901e-03
2.107308e-03
2.298879e-03
2.010474e-03
1.961601e-03
1.990478e-03
1.848276e-03
1.657627e-03
2.398727e-03
1.719223e-03
2.028665e-03
1.879975e-03
1.831843e-03
1.558242e-03
1.976631e-03
1.834416e-03
2.016577e-03
2.196111e-03
1.886716e-03
2.084817e-03
1.639274e-03
2.143160e-03
2.258104e-03
2.363389e-03
1.836740e-03
2.116479e-03
1.854671e-03
2.370412e-03
1.920862e-03
1.964801e-03
1.980594e-03
1.905287e-03
2.109714e-03
1.890042e-03
1.970523e-03
2.173150e-03
2.059047e-03
1.751953e-03
2.147858e-03
2.060831e-03
1.605671e-03
1.922112e-03
1.929069e-03
2.198593e-03
1.880437e-03
2.047629e-03
2.146842e-03
1.979638e-03
1.748513e-03
1.926470e-03
1.506834e-03
2.372554e-03
2.105957e-03
2.233859e-03
2.168183e-03
1.890319e-03
2.249966e-03
2.408842e-03
2.203277e-03
1.980742e-03
1.710093e-03
2.154938e-03
1.968879e-03
2.300230e-03
1.679992e-03
2.213966e-03
1.731132e-03
1.876623e-03
2.333601e-03
1.839422e-03
2.127862e-03
2.336532e-03
1.841550e-03
2.056357e-03
2.122754e-03
1.966383e-03
2.456753e-03
2.100217e-03
1.880914e-03
2.048249e-03
2.087936e-03
1.857689e-03
1.855985e-03
2.116464e-03
2.367848e-03
2.256542e-03
1.849752e-03
1.763406e-03
2.098838e-03
2.225156e-03
1.919064e-03
2.117050e-03
2.346797e-03
1.883756e-03
1.807236e-03
1.936150e-03
1.863949e-03
2.175463e-03
2.340069e-03
1.880123e-03
1.857278e-03
1.922088e-03
1.945451e-03
1.819495e-03
2.094253e-03
1.870246e-03
2.405184e-03
1.831152e-03
1.988647e-03
2.112426e-03
2.055218e-03
1.714568e-03
1.826430e-03
1.885906e-03
1.992542e-03
2.367223e-03
2.008678e-03
1.978163e-03
1.863926e-03
2.017358e-03
1.918300e-03
2.460868e-03
1.856965e-03
2.143732e-03
1.849426e-03
1.987058e-03
2.312308e-03
1.941659e-03
1.909023e-03
2.136109e-03
1.999248e-03
2.092565e-03
1.893928e-03
1.906538e-03
2.000166e-03
1.943175e-03
1.982230e-03
2.036984e-03
1.864170e-03
1.774783e-03
2.138936e-03
1.956147e-03
2.265444e-03
1.643417e-03
1.978037e-03
2.121685e-03
1.863703e-03
2.260914e-03
2.186625e-03
2.224876e-03
2.164143e-03
1.949705e-03
2.132734e-03
1.685538e-03
2.080829e-03
2.103709e-03
1.995690e-03
2.223474e-03
1.757343e-03
1.950667e-03
1.936563e-03
2.043906e-03
1.780509e-03
1.833898e-03
2.027111e-03
1.655506e-03
1.662881e-03
1.843584e-03
2.142901e-03
1.997458e-03
2.045584e-03
2.138213e-03
2.161803e-03
1.528327e-03
2.080698e-03
2.229014e-03
1.718539e-03
1.969161e-03
1.919668e-03
2.151516e-03
2.369759e-03
2.040967e-03
2.521683e-03
2.206490e-03
1.945982e-03
2.131661e-03
1.779046e-03
1.914970e-03
1.950934e-03
1.919746e-03
1.987081e-03
1.927739e-03
2.089438e-03
1.473996e-03
1.983385e-03
2.071998e-03
2.307270e-03
1.861974e-03
1.879608e-03
2.154857e-03
2.026383e-03
2.148790e-03
2.151969e-03
1.825928e-03
1.899201e-03
1.654479e-03
2.472757e-03
2.043629e-03
1.543079e-03
1.787929e-03
1.753185e-03
1.875653e-03
2.466790e-03
1.886528e-03
2.292071e-03
1.807301e-03
1.940752e-03
1.814299e-03
2.405119e-03
2.225105e-03
2.229636e-03
1.806338e-03
1.870624e-03
1.864965e-03
2.258137e-03
1.655747e-03
1.797291e-03
2.352800e-03
1.451076e-03
1.743347e-03
1.974269e-03
2.004900e-03
1.574907e-03
1.995635e-03
1.753785e-03
2.057846e-03
1.837041e-03
1.998636e-03
2.297155e-03
1.883461e-03
1.987924e-03
1.871679e-03
2.231762e-03
2.074648e-03
1.814745e-03
2.202447e-03
1.805987e-03
2.172170e-03
2.399921e-03
1.952735e-03
2.057081e-03
1.971956e-03
2.007910e-03
2.101689e-03
1.733197e-03
2.212527e-03
2.013074e-03
1.814580e-03
1.947251e-03
1.599018e-03
1.983253e-03
1.649991e-03
2.040034e-03
1.939833e-03
1.936779e-03
2.002929e-03
2.130391e-03
1.707735e-03
1.606365e-03
1.773919e-03
2.101567e-03
1.842114e-03
2.139769e-03
2.086255e-03
1.891447e-03
1.864984e-03
2.046153e-03
2.089724e-03
1.701043e-03
2.099217e-03
2.179834e-03
2.125026e-03
1.852263e-03
1.857554e-03
1.854579e-03
1.849569e-03
1.928587e-03
1.676539e-03
1.933381e-03
1.737766e-03
1.907271e-03
1.913860e-03
2.346044e-03
1.880689e-03
2.075954e-03
2.099099e-03
2.003094e-03
1.563133e-03
2.152139e-03
1.769771e-03
2.210510e-03
1.783158e-03
1.988828e-03
2.300566e-03
2.374602e-03
2.171242e-03
2.050319e-03
2.114875e-03
1.748250e-03
2.448574e-03
1.998201e-03
1.821637e-03
1.800591e-03
2.317378e-03
2.384898e-03
2.427001e-03
2.084401e-03
2.026545e-03
2.169894e-03
2.240882e-03
1.885606e-03
1.968388e-03
2.205114e-03
1.767196e-03
2.261538e-03
2.004473e-03
1.990284e-03
1.957986e-03
1.871593e-03
1.729727e-03
1.805997e-03
2.208854e-03
2.244083e-03
1.880226e-03
1.990767e-03
1.836542e-03
2.410709e-03
1.941616e-03
2.340399e-03
2.230968e-03
1.776674e-03
1.974836e-03
1.859391e-03
2.052917e-03
1.796659e-03
2.188714e-03
2.365164e-03
2.008849e-03
1.958082e-03
2.174622e-03
2.179370e-03
1.897306e-03
2.307912e-03
2.049471e-03
1.996735e-03
2.114825e-03
1.893771e-03
1.655345e-03
1.994907e-03
2.033606e-03
1.978457e-03
1.787246e-03
2.340950e-03
2.183148e-03
1.513492e-03
2.007076e-03
2.004512e-03
1.872021e-03
1.982486e-03
2.170024e-03
2.004058e-03
1.965185e-03
1.741100e-03
2.251014e-03
1.847153e-03
2.173828e-03
2.176643e-03
1.792581e-03
1.734375e-03
2.235862e-03
2.121595e-03
2.093363e-03
1.997485e-03
1.685273e-03
1.746173e-03
2.067406e-03
1.952580e-03
1.628476e-03
2.075325e-03
1.835459e-03
1.818036e-03
1.803220e-03
2.217590e-03
2.095297e-03
2.165696e-03
1.879938e-03
1.718069e-03
2.279986e-03
2.020421e-03
2.105531e-03
2.112530e-03
2.289961e-03
2.096492e-03
2.235643e-03
2.235000e-03
2.085110e-03
2.102719e-03
1.823431e-03
1.978886e-03
2.275797e-03
2.112522e-03
1.790716e-03
2.073256e-03
1.776702e-03
2.027357e-03
1.809944e-03
1.974871e-03
2.233411e-03
2.154404e-03
1.952571e-03
2.208154e-03
2.259720e-03
2.261083e-03
1.677918e-03
1.588966e-03
1.829087e-03
1.782131e-03
1.784962e-03
1.507186e-03
2.107858e-03
2.000727e-03
1.914585e-03
1.742702e-03
2.282436e-03
2.256950e-03
2.235992e-03
1.771410e-03
1.901612e-03
2.019470e-03
2.115233e-03
2.036358e-03
2.642793e-03
1.784644e-03
2.002278e-03
1.927051e-03
1.744668e-03
1.981874e-03
1.916009e-03
1.882758e-03
1.863440e-03
2.146612e-03
2.353711e-03
2.199286e-03
1.940944e-03
1.770316e-03
1.995897e-03
2.183431e-03
2.088919e-03
2.161015e-03
2.079191e-03
2.163188e-03
2.002528e-03
2.223841e-03
2.029158e-03
2.277369e-03
2.256311e-03
1.690395e-03
2.185453e-03
1.639290e-03
1.605225e-03
2.016531e-03
1.933320e-03
1.871770e-03
1.930485e-03
1.813281e-03
1.790541e-03
2.109005e-03
2.194007e-03
2.078035e-03
1.788580e-03
1.956323e-03
1.918112e-03
1.774858e-03
1.928045e-03
1.632492e-03
1.758048e-03
1.692149e-03
2.092022e-03
2.038390e-03
2.027605e-03
1.785306e-03
1.899627e-03
2.075618e-03
1.857965e-03
2.161744e-03
1.747504e-03
2.057444e-03
2.064546e-03
1.972754e-03
2.115584e-03
2.027963e-03
2.001106e-03
2.115075e-03
2.117526e-03
2.028672e-03
1.704149e-03
2.054467e-03
2.086767e-03
1.820266e-03
1.828396e-03
2.222729e-03
1.969788e-03
2.147053e-03
1.935010e-03
1.862146e-03
2.452848e-03
2.054164e-03
2.257753e-03
1.846068e-03
2.008501e-03
1.973876e-03
1.994508e-03
1.854019e-03
2.313703e-03
2.108878e-03
2.158493e-03
2.060627e-03
2.165035e-03
1.895990e-03
1.964803e-03
2.372442e-03
1.936519e-03
1.961584e-03
1.942157e-03
2.197644e-03
2.115379e-03
1.868990e-03
1.865182e-03
2.048643e-03
2.066722e-03
1.821794e-03
2.230785e-03
2.248830e-03
1.956123e-03
2.042577e-03
2.045381e-03
2.151059e-03
1.885424e-03
1.821069e-03
1.706765e-03
2.100105e-03
2.249573e-03
2.253313e-03
2.285655e-03
1.908198e-03
1.707396e-03
1.712858e-03
1.898997e-03
1.822789e-03
1.935838e-03
1.890807e-03
2.000880e-03
1.799546e-03
2.261769e-03
1.847781e-03
2.000253e-03
2.054102e-03
1.953314e-03
2.139011e-03
1.775439e-03
1.969444e-03
2.172436e-03
1.866400e-03
2.408818e-03
2.357923e-03
1.928740e-03
1.648893e-03
1.885454e-03
2.103521e-03
2.059667e-03
1.670122e-03
2.119861e-03
2.366299e-03
1.980969e-03
1.929637e-03
1.521729e-03
1.687990e-03
2.081904e-03
1.874229e-03
1.807776e-03
1.871942e-03
1.991852e-03
1.911874e-03
1.723880e-03
2.149747e-03
1.918508e-03
1.761134e-03
1.892837e-03
2.186185e-03
1.922549e-03
1.911418e-03
1.856119e-03
1.900232e-03
2.118527e-03
2.014870e-03
2.285040e-03
1.980520e-03
2.366804e-03
1.970012e-03
1.885226e-03
2.129581e-03
1.706921e-03
1.930372e-03
1.852309e-03
1.829190e-03
1.764314e-03
1.963235e-03
1.876424e-03
1.702520e-03
2.112177e-03
2.122098e-03
2.086270e-03
1.998791e-03
1.883514e-03
1.911064e-03
2.347398e-03
1.860847e-03
1.812504e-03
2.068032e-03
2.156129e-03
1.983407e-03
1.851648e-03
2.201076e-03
1.980982e-03
2.000614e-03
2.160091e-03
2.067962e-03
2.006959e-03
2.007735e-03
2.208055e-03
1.924760e-03
2.287399e-03
2.093820e-03
1.823242e-03
1.761201e-03
2.051144e-03
2.153105e-03
2.297530e-03
1.924538e-03
2.148660e-03
2.122409e-03
2.100891e-03
2.142982e-03
1.998291e-03
2.083865e-03
1.920448e-03
2.146500e-03
1.738763e-03
1.918331e-03
1.923643e-03
1.808662e-03
2.202398e-03
1.942796e-03
2.028652e-03
2.214930e-03
2.353973e-03
2.102866e-03
1.732981e-03
2.480244e-03
2.094754e-03
1.984503e-03
2.084002e-03
1.987490e-03
1.762081e-03
1.696186e-03
2.049420e-03
1.823044e-03
2.190286e-03
1.926757e-03
2.116647e-03
1.925852e-03
1.963961e-03
2.215103e-03
1.871969e-03
2.225230e-03
1.719151e-03
2.040862e-03
1.871681e-03
2.062445e-03
1.768218e-03
1.727332e-03
2.191966e-03
1.992861e-03
1.633301e-03
1.735031e-03
2.192309e-03
2.202202e-03
2.044262e-03
1.976475e-03
2.243182e-03
2.113337e-03
1.764955e-03
1.995538e-03
1.877821e-03
2.147083e-03
1.716643e-03
1.989968e-03
2.118991e-03
1.802821e-03
1.869631e-03
1.997270e-03
2.115700e-03
2.371464e-03
2.126387e-03
1.978434e-03
1.819885e-03
2.029671e-03
2.027122e-03
1.851771e-03
1.824971e-03
2.122231e-03
1.948416e-03
2.087547e-03
1.678132e-03
1.719134e-03
2.069712e-03
1.789392e-03
2.323794e-03
2.085968e-03
1.965552e-03
2.214729e-03
2.118981e-03
1.950266e-03
2.099321e-03
2.238589e-03
2.029343e-03
1.872001e-03
2.051518e-03
1.869819e-03
2.089640e-03
2.143579e-03
2.188964e-03
2.307304e-03
2.182636e-03
1.808219e-03
2.098508e-03
1.798945e-03
2.252844e-03
2.037957e-03
1.746967e-03
2.069038e-03
2.238843e-03
2.255120e-03
1.862305e-03
1.704977e-03
1.791728e-03
1.877684e-03
1.686129e-03
2.405216e-03
2.091880e-03
1.750252e-03
1.951341e-03
1.789298e-03
1.882575e-03
2.042484e-03
2.102586e-03
1.865170e-03
2.182087e-03
1.813780e-03
2.091260e-03
1.890517e-03
2.402894e-03
1.819939e-03
2.080969e-03
2.108045e-03
2.189440e-03
1.915061e-03
2.013439e-03
1.997989e-03
2.211189e-03
2.087991e-03
2.156593e-03
2.026751e-03
2.040848e-03
1.963140e-03
2.266998e-03
1.943846e-03
1.987512e-03
1.744012e-03
1.900020e-03
1.590850e-03
2.178034e-03
1.852212e-03
1.642190e-03
2.167167e-03
2.566663e-03
1.924622e-03
2.193892e-03
2.257045e-03
2.209969e-03
1.938953e-03
1.879212e-03
2.035074e-03
2.111232e-03
1.946203e-03
1.707817e-03
2.266913e-03
1.732909e-03
1.552705e-03
2.389121e-03
2.140626e-03
1.822760e-03
2.043155e-03
1.940203e-03
1.859029e-03
1.952839e-03
1.687002e-03
2.524509e-03
2.131591e-03
2.016562e-03
2.035977e-03
2.108183e-03
1.875275e-03
1.806019e-03
2.010359e-03
2.023938e-03
1.673664e-03
2.211701e-03
2.123454e-03
2.151899e-03
2.145982e-03
1.740043e-03
1.786055e-03
1.991406e-03
1.981442e-03
1.808695e-03
1.827618e-03
2.120732e-03
1.794644e-03
1.985871e-03
1.977853e-03
2.004942e-03
1.899887e-03
2.139783e-03
2.066271e-03
2.321543e-03
1.949134e-03
1.736964e-03
1.822453e-03
2.159376e-03
2.241778e-03
2.095754e-03
1.684223e-03
1.994851e-03
2.208836e-03
2.132081e-03
2.007670e-03
1.807463e-03
1.910669e-03
2.253618e-03
2.011642e-03
2.205543e-03
2.059733e-03
2.048363e-03
1.797857e-03
2.181077e-03
1.908532e-03
2.256986e-03
1.952078e-03
2.166114e-03
2.043407e-03
2.460448e-03
2.078535e-03
1.911662e-03
1.920791e-03
1.901276e-03
2.051481e-03
1.990911e-03
1.835033e-03
2.080847e-03
2.127712e-03
2.505792e-03
2.322255e-03
1.733607e-03
1.981792e-03
1.983062e-03
1.860292e-03
2.210724e-03
1.981682e-03
2.117961e-03
2.132986e-03
2.112298e-03
2.471640e-03
2.033217e-03
1.712920e-03
2.407177e-03
2.007956e-03
1.834669e-03
1.708878e-03
2.295368e-03
2.105399e-03
1.832906e-03
1.926112e-03
1.896590e-03
2.141541e-03
1.889825e-03
2.505337e-03
2.153396e-03
2.172094e-03
1.585139e-03
1.789711e-03
2.073524e-03
1.896425e-03
1.905879e-03
1.611899e-03
2.152059e-03
1.884945e-03
2.180713e-03
2.124595e-03
2.097735e-03
1.877193e-03
2.109778e-03
2.201991e-03
1.712942e-03
1.748299e-03
1.807785e-03
1.949889e-03
2.131550e-03
1.953390e-03
2.417761e-03
2.153200e-03
1.982512e-03
2.333652e-03
2.054148e-03
2.258340e-03
1.891738e-03
2.381754e-03
1.946145e-03
2.052657e-03
2.042671e-03
1.891248e-03
1.770150e-03
1.753626e-03
2.064626e-03
2.100978e-03
2.184141e-03
2.042588e-03
2.149839e-03
1.991698e-03
1.776219e-03
1.995579e-03
2.188205e-03
1.648965e-03
1.924682e-03
1.859760e-03
1.935459e-03
1.721490e-03
2.524392e-03
1.821644e-03
1.940555e-03
2.165861e-03
1.892051e-03
2.266109e-03
2.255671e-03
1.962875e-03
1.844616e-03
2.172577e-03
1.848538e-03
2.066410e-03
1.668169e-03
2.132808e-03
2.031533e-03
2.026713e-03
1.600054e-03
2.046817e-03
2.094289e-03
1.787837e-03
2.273252e-03
1.919604e-03
2.039940e-03
2.258532e-03
2.043565e-03
1.961373e-03
2.057722e-03
2.156270e-03
1.916803e-03
1.781898e-03
1.875318e-03
1.666138e-03
2.268787e-03
2.000781e-03
2.216773e-03
1.829924e-03
2.287032e-03
2.421491e-03
1.682431e-03
1.809698e-03
2.120627e-03
1.714904e-03
2.006500e-03
2.072845e-03
1.614465e-03
2.210584e-03
2.283554e-03
1.777217e-03
2.168092e-03
1.962948e-03
1.991015e-03
2.210324e-03
2.010789e-03
2.039192e-03
2.057451e-03
1.672761e-03
1.933966e-03
1.872521e-03
1.518172e-03
2.252188e-03
2.077604e-03
2.016701e-03
2.225348e-03
2.013562e-03
2.157714e-03
2.127358e-03
1.808724e-03
2.472418e-03
1.818378e-03
2.151225e-03
2.057187e-03
1.861976e-03
1.852749e-03
2.249590e-03
1.969919e-03
1.833951e-03
1.876536e-03
2.156050e-03
1.845626e-03
2.182958e-03
1.706275e-03
2.240445e-03
1.987875e-03
2.329797e-03
1.678406e-03
2.293522e-03
2.148485e-03
2.152050e-03
2.103797e-03
2.109217e-03
1.711728e-03
1.690302e-03
1.774196e-03
1.782569e-03
1.817203e-03
1.916440e-03
2.309663e-03
2.011233e-03
1.744416e-03
2.041868e-03
2.250443e-03
2.004407e-03
2.089778e-03
2.150058e-03
2.142454e-03
2.207703e-03
2.091357e-03
1.662541e-03
1.580699e-03
2.224969e-03
2.087282e-03
2.007585e-03
2.132592e-03
1.729916e-03
1.715285e-03
1.912425e-03
1.772828e-03
1.856403e-03
1.786027e-03
1.946418e-03
1.751296e-03
1.853166e-03
1.697484e-03
1.881955e-03
2.321008e-03
2.149794e-03
2.522833e-03
1.687794e-03
2.156494e-03
2.016162e-03
1.969233e-03
2.011147e-03
2.049144e-03
1.711815e-03
2.542105e-03
1.912605e-03
2.193763e-03
1.636753e-03
1.671825e-03
2.023782e-03
2.126908e-03
2.177484e-03
1.749433e-03
1.743027e-03
2.242025e-03
2.276245e-03
2.189862e-03
2.344412e-03
2.298122e-03
2.162569e-03
1.902514e-03
2.193970e-03
2.291899e-03
1.821935e-03
1.878695e-03
1.896772e-03
1.957728e-03
1.901442e-03
2.057698e-03
2.015622e-03
2.027893e-03
2.089584e-03
1.753906e-03
1.490634e-03
1.790288e-03
1.839240e-03
1.973618e-03
2.011167e-03
1.762668e-03
1.991885e-03
1.806258e-03
2.087913e-03
1.924129e-03
2.251665e-03
2.314631e-03
1.495214e-03
2.037942e-03
1.876600e-03
1.990955e-03
1.910187e-03
2.007423e-03
1.865631e-03
2.109777e-03
2.210822e-03
2.454493e-03
1.898730e-03
2.113320e-03
1.998152e-03
2.367809e-03
1.970541e-03
1.836120e-03
1.945066e-03
1.993483e-03
1.776481e-03
1.808691e-03
1.664774e-03
2.089488e-03
2.224784e-03
2.207150e-03
2.009314e-03
2.038638e-03
1.925073e-03
2.428075e-03
2.339955e-03
2.005623e-03
2.423866e-03
2.101324e-03
1.828794e-03
2.258847e-03
2.044778e-03
2.105497e-03
1.991168e-03
2.306552e-03
1.830244e-03
2.104288e-03
1.934153e-03
1.911646e-03
1.845260e-03
1.990398e-03
1.976754e-03
1.757534e-03
2.026474e-03
1.908323e-03
2.077803e-03
1.687150e-03
1.846027e-03
1.686613e-03
1.914817e-03
2.111478e-03
1.948969e-03
2.193710e-03
1.869941e-03
1.919299e-03
1.666145e-03
1.964776e-03
1.901252e-03
2.065391e-03
1.532003e-03
1.942444e-03
1.926599e-03
2.070138e-03
1.844428e-03
2.112830e-03
2.116862e-03
2.221469e-03
2.146502e-03
1.804301e-03
1.936573e-03
2.031951e-03
1.804872e-03
2.050870e-03
1.909236e-03
1.789988e-03
2.233087e-03
1.623609e-03
2.366648e-03
2.084787e-03
1.848318e-03
1.753616e-03
2.137577e-03
1.741821e-03
1.684939e-03
2.221009e-03
2.081030e-03
2.174358e-03
2.097974e-03
2.269174e-03
2.325525e-03
1.799138e-03
1.759049e-03
2.212335e-03
1.873811e-03
1.897505e-03
2.338376e-03
1.972998e-03
1.821754e-03
1.632111e-03
2.181937e-03
1.788228e-03
1.774315e-03
2.204392e-03
2.154488e-03
2.209852e-03
2.108716e-03
1.920006e-03
2.099080e-03
2.066360e-03
2.233164e-03
2.035652e-03
1.859539e-03
1.668396e-03
1.757424e-03
2.202593e-03
2.225646e-03
1.821631e-03
1.895249e-03
2.214405e-03
1.736998e-03
1.943033e-03
2.067490e-03
1.894738e-03
2.161725e-03
1.989267e-03
2.272946e-03
1.918941e-03
2.101703e-03
2.237325e-03
1.564247e-03
1.889091e-03
1.847062e-03
1.734657e-03
1.643054e-03
2.271502e-03
2.094556e-03
1.878764e-03
1.826640e-03
1.861444e-03
2.250148e-03
1.652185e-03
2.210482e-03
2.137980e-03
1.894675e-03
2.021589e-03
2.093236e-03
1.966424e-03
1.791923e-03
1.979503e-03
1.987838e-03
1.976331e-03
1.804424e-03
2.047556e-03
1.824059e-03
2.130262e-03
1.846558e-03
1.878440e-03
1.729804e-03
2.016864e-03
2.284496e-03
2.311746e-03
2.184358e-03
1.949672e-03
1.928328e-03
1.759551e-03
2.092986e-03
1.765941e-03
1.717921e-03
2.068428e-03
2.017002e-03
2.150961e-03
1.877881e-03
1.570872e-03
2.194119e-03
1.700931e-03
2.118458e-03
1.983320e-03
2.154798e-03
2.028124e-03
1.747403e-03
1.770137e-03
2.266821e-03
1.641097e-03
2.040836e-03
2.292818e-03
1.767677e-03
1.744715e-03
2.098365e-03
2.158407e-03
1.576258e-03
2.179587e-03
2.012756e-03
2.158469e-03
2.100642e-03
2.245190e-03
2.039722e-03
2.007761e-03
1.937193e-03
1.980845e-03
1.999787e-03
1.731136e-03
2.235507e-03
1.924467e-03
1.886083e-03
2.045008e-03
1.807069e-03
2.090479e-03
1.947314e-03
1.776814e-03
2.260546e-03
2.039282e-03
1.929884e-03
2.073583e-03
2.337941e-03
1.723611e-03
1.984980e-03
1.584988e-03
2.242384e-03
2.048704e-03
2.118541e-03
2.008457e-03
2.164365e-03
2.047584e-03
2.211064e-03
1.607961e-03
2.130472e-03
2.375008e-03
2.050112e-03
2.034238e-03
2.143840e-03
1.663310e-03
1.873660e-03
1.937112e-03
1.837532e-03
1.944616e-03
1.990665e-03
1.824644e-03
2.489773e-03
2.097463e-03
1.856939e-03
2.545065e-03
2.131667e-03
2.105040e-03
1.981996e-03
2.353438e-03
1.734118e-03
1.918296e-03
1.840101e-03
1.788890e-03
2.002897e-03
1.816280e-03
2.245144e-03
1.751676e-03
1.992317e-03
1.693913e-03
1.868868e-03
2.148951e-03
1.801398e-03
2.056648e-03
1.892573e-03
1.936413e-03
1.993555e-03
2.105422e-03
2.045067e-03
1.728313e-03
2.160194e-03
1.693170e-03
1.947236e-03
1.806897e-03
2.017028e-03
2.333000e-03
2.037883e-03
2.026167e-03
1.984753e-03
1.871184e-03
2.495287e-03
1.943689e-03
1.843853e-03
1.735409e-03
2.005723e-03
2.118446e-03
2.130919e-03
2.021589e-03
1.913849e-03
1.821056e-03
2.217409e-03
1.904114e-03
1.826319e-03
2.305683e-03
2.012927e-03
2.479092e-03
1.754721e-03
1.769089e-03
1.855771e-03
1.760427e-03
2.293349e-03
1.780537e-03
1.835263e-03
1.892121e-03
1.843868e-03
1.993230e-03
1.674856e-03
1.938113e-03
1.755693e-03
2.045959e-03
1.862018e-03
2.099976e-03
1.756306e-03
2.039919e-03
2.029701e-03
1.946293e-03
1.994454e-03
2.038582e-03
